0.06244,0.01358
0.03046,0.01262
0.02982,0.01263
0.05493,0.01302
0.1038,0.01405
0.03955,0.01292
0.0434,0.01389
0.05048,0.01292
0.0249,8.307E-4
0.01439,0.001476
0.02295,0.001991
0.01491,0.001249
0.004028,0.001251
0.002029,0.001345
0.01157,0.001148
0.01099,0.00136
0.3125,0.005852
0.314,0.005302
0.3062,0.005013
0.3027,0.004883
0.2451,0.00515
0.2175,0.004448
0.2861,0.005203
0.2739,0.00576
0.314,0.004532
0.3101,0.005112
0.3101,0.005821
0.2632,0.004799
0.3115,0.005356
0.2754,0.006012
0.3315,0.005257
0.003418,0.00631
0.01015,6.561E-4
0.001673,5.636E-4
0.001129,4.559E-4
0.001314,4.511E-4
4.959E-4,4.52E-4
8.106E-4,4.587E-4
0.01332,0.005615
0.08435,0.01562
0.09949,0.01562
0.1182,0.01633
0.1621,0.0192
0.07959,0.01151
0.103,0.01558
0.1041,0.01556
0.08789,0.01642
0.07104,0.01572
0.101,0.01703
0.06287,0.01308
0.1033,0.01611
0.1318,0.0159
0.07715,0.01535
0.08789,0.01624
0.06592,0.01688
0.06824,0.01106
0.08008,0.01553
0.07361,0.01529
0.08521,0.01736
0.08923,0.0106
0.07227,0.01442
0.08582,0.01593
0.09009,0.0174
0.06848,0.01682
0.09241,0.01633
0.06592,0.01147
0.08191,0.0154
0.08838,0.01569
0.1132,0.01581
0.1062,0.01709
0.07556,0.01491
0.08618,0.01578
0.1292,0.01648
0.09814,0.01804
0.08752,0.01372
0.08838,0.01079
0.08301,0.01849
0.09375,0.01868
0.09204,0.01575
0.1406,0.01764
0.008621,3.395E-4
0.0647,0.01219
0.05951,0.01216
0.06836,0.01228
0.08362,0.01231
0.06714,0.01152
0.05157,0.01245
0.0769,0.01225
0.04779,0.01236
0.07129,0.01241
0.08801,0.01247
0.07812,0.01248
0.06396,0.01216
0.06445,0.01237
0.1365,0.0128
0.07397,0.01192
0.05908,0.01228
0.07739,0.0125
0.05334,0.01239
0.04694,0.01213
0.09192,0.01247
0.07507,0.0126
0.078,0.01048
0.05713,0.01222
0.05017,0.01225
0.04858,0.01236
0.08447,0.01239
0.08203,0.0119
0.0968,0.01242
0.08606,0.01176
0.07031,0.01237
0.0484,0.01578
0.03638,0.01627
0.0473,0.01587
0.05811,0.01474
0.1211,0.0152
0.03644,0.01614
0.06201,0.01572
0.1431,0.01482
0.08789,0.0148
0.04346,0.01562
0.07849,0.01587
0.03693,0.01537
0.03412,0.01556
0.0376,0.01497
0.2185,0.01538
0.1082,0.01424
0.02887,0.01549
0.05194,0.01562
0.03534,0.01575
0.05536,0.01411
0.04767,0.01651
0.03864,0.01614
0.03522,0.01578
0.08057,0.01566
0.0368,0.01636
0.03369,0.0154
0.05969,0.01471
0.06006,0.01407
0.1873,0.01569
0.03229,0.01561
0.001589,0.002987
0.4297,0.06616
0.00185,3.691E-4
0.02301,0.01173
0.02884,0.01221
0.3745,0.06458
0.353,0.0647
0.4116,0.06592
0.3267,0.0647
0.3491,0.0647
0.3115,0.06433
0.4272,0.06421
0.3652,0.06458
0.3667,0.06482
0.3916,0.0647
0.4014,0.06458
0.396,0.06433
0.3789,0.0647
0.4229,0.06665
0.394,0.06555
0.4473,0.06494
0.3325,0.06421
0.3823,0.06421
0.4927,0.06519
0.2773,0.0636
0.4961,0.06482
0.354,0.06519
0.3887,0.06421
0.4556,0.06531
0.3701,0.06482
0.3945,0.06519
0.4121,0.06494
0.4146,0.0647
0.3647,0.06494
0.4023,0.06421
0.3179,0.06409
0.415,0.06641
0.4531,0.06445
0.6914,0.0658
0.4609,0.06445
0.3125,0.06396
0.3423,0.06482
0.4375,0.06421
0.5469,0.06482
0.3848,0.06445
0.3965,0.06433
0.5742,0.06506
0.4424,0.06445
0.3906,0.06396
0.3945,0.06396
0.6406,0.0647
0.3477,0.06555
0.4238,0.0647
0.4009,0.06409
0.375,0.06543
0.3989,0.06506
0.4575,0.0647
0.4238,0.06482
0.4297,0.06445
0.396,0.06421
0.4414,0.06519
0.3721,0.06543
0.374,0.06506
0.3711,0.0647
0.3789,0.06421
0.3779,0.06458
0.4727,0.06482
0.3628,0.06421
0.3701,0.06506
0.3398,0.06372
0.4297,0.06482
0.458,0.06384
0.4609,0.06592
0.3398,0.06433
0.3652,0.06421
0.6523,0.06519
0.374,0.0647
0.5352,0.06506
0.439,0.0647
0.4404,0.0647
0.4077,0.06458
0.4688,0.06726
0.3789,0.0647
0.4263,0.06531
0.3701,0.06458
0.3164,0.06409
0.3989,0.06494
0.4062,0.06433
0.3813,0.06409
0.3911,0.06506
0.4961,0.06494
0.3853,0.06458
0.312,0.06409
0.3354,0.06445
0.3389,0.06445
0.332,0.06384
0.4131,0.06592
0.457,0.06482
0.3882,0.06519
0.3857,0.06421
0.4922,0.06555
0.4727,0.06519
0.3818,0.06396
0.4297,0.06592
0.3804,0.06506
0.3945,0.06433
0.3223,0.06384
0.4468,0.0647
0.4224,0.06555
0.4258,0.06482
0.4375,0.06543
0.3984,0.06494
0.4194,0.06421
0.3643,0.06555
0.376,0.06616
0.3223,0.06433
0.3823,0.0647
0.4297,0.06421
0.3184,0.06421
0.4023,0.06494
0.3613,0.06433
0.3584,0.06421
0.3188,0.06433
0.437,0.06384
0.3975,0.06433
0.4282,0.06604
0.4531,0.06409
0.4526,0.06433
0.375,0.06409
0.5898,0.0647
0.4438,0.06458
0.4805,0.06421
0.4219,0.06421
0.3809,0.06433
0.3433,0.06409
0.374,0.06409
0.4243,0.0636
0.4316,0.06494
0.416,0.06445
0.5859,0.06458
0.375,0.06506
0.4229,0.06494
0.4272,0.0658
0.3984,0.06482
0.4219,0.06653
0.377,0.06445
0.4556,0.06616
