4.387E-4,7.849E-4
0.06122,0.008362
0.009964,0.05768
0.01094,0.05756
0.008545,0.05786
0.1719,0.05756
0.1516,0.05707
0.1621,0.05774
0.1914,0.05786
0.2627,0.05798
0.09082,0.05786
0.1075,0.05737
0.1604,0.05774
0.1792,0.05743
0.1055,0.05762
0.2339,0.05762
0.1248,0.02258
0.04089,0.002926
0.04089,0.002651
0.05109,0.003101
0.04852,0.003002
0.0332,0.00246
0.03906,0.003059
0.04645,0.002995
0.03857,0.002956
0.04834,0.003162
0.05811,0.002666
0.04376,0.002514
0.04205,0.002956
0.03815,0.002895
0.03839,0.002575
0.09229,0.002758
0.04584,0.003731
0.04272,0.002926
0.02426,0.002766
0.02881,0.002903
0.03351,0.002716
0.03979,0.002842
0.0589,0.002754
0.002495,0.008362
0.002907,0.008453
0.00592,0.001112
0.003841,0.0014
0.001211,8.001E-4
0.03711,5.97E-4
0.04785,6.104E-4
0.02734,5.913E-4
0.05396,0.01361
0.007607,0.001572
0.001308,0.001493
0.003174,0.001558
0.004517,0.001816
0.0159,0.001976
0.04999,0.001709
0.008148,0.001621
0.006149,0.002041
0.006958,0.00189
0.001642,0.001669
0.001289,0.001549
0.00415,0.001827
0.001204,0.001682
0.002026,0.001593
0.01427,0.001459
8.24E-4,0.001499
0.007401,0.002789
0.06012,0.002106
0.001041,0.001486
0.05518,0.00153
0.001099,0.001595
0.001226,0.001503
0.006836,0.001968
0.0614,0.001638
0.06335,0.002083
0.06128,0.001589
0.001465,0.001657
0.001291,0.001703
0.001118,0.001539
0.002762,0.001619
0.001389,0.001558
0.002331,0.001541
0.007812,0.001934
0.00415,0.001707
0.06299,0.001562
0.004257,0.001629
0.001925,0.001526
0.001305,0.00148
0.001575,0.001501
0.004395,0.001528
0.007568,0.001987
0.001282,0.001522
0.06396,0.001678
0.002502,0.001692
9.632E-4,0.001476
0.003403,0.001535
0.002964,0.001623
0.05579,0.001581
0.007324,0.00201
0.001202,0.001566
0.006226,0.002071
0.003906,0.001839
0.05249,0.001621
0.007568,0.001984
0.06299,0.001802
8.888E-4,0.001503
0.001129,0.001625
0.006332,0.001511
0.01965,0.00169
0.05927,0.001968
0.004486,0.001644
0.06042,0.001629
0.004082,0.001623
0.0132,0.001612
8.64E-4,0.001469
0.021,0.001768
0.003178,0.001518
0.007797,0.001564
9.785E-4,0.001616
0.003784,0.00238
0.003906,0.001822
0.05621,0.001768
0.003998,0.001539
0.002563,0.001644
0.003784,0.00157
5.627E-4,0.001532
0.007324,0.001936
0.00502,0.001572
0.00238,0.001619
6.466E-4,0.001463
0.007324,0.001991
0.04944,0.001652
0.002991,0.001753
0.001112,0.001633
0.001484,0.00156
0.005371,0.001789
0.001099,0.001539
0.003052,0.001801
0.03009,0.002087
0.001257,0.001549
0.005737,0.001801
0.002869,0.001696
0.004272,0.002399
0.001999,2.365E-4
6.809E-4,2.213E-4
0.001053,3.366E-4
0.001871,3.185E-4
0.002701,5.159E-4
4.864E-4,2.642E-4
3.738E-4,2.337E-4
1.945E-4,1.812E-4
3.786E-4,2.985E-4
1.516E-4,3.595E-4
0.001196,4.52E-4
7.553E-4,2.031E-4
7.772E-4,2.909E-4
8.125E-4,2.775E-4
7.696E-4,3.891E-4
4.225E-4,2.947E-4
7.362E-4,2.222E-4
2.518E-4,2.365E-4
0.001133,3.519E-4
4.225E-4,3.672E-4
6.113E-4,2.232E-4
3.929E-4,2.098E-4
4.272E-4,1.86E-4
4.854E-4,3.948E-4
6.142E-4,2.165E-4
6.514E-4,3.3E-4
3.138E-4,2.975E-4
7.41E-4,3.023E-4
0.001326,4.101E-4
6.189E-4,2.995E-4
8.345E-4,2.584E-4
3.29E-4,2.184E-4
4.253E-4,2.289E-4
0.001005,3.824E-4
7.61E-4,2.556E-4
1.984E-4,2.88E-4
2.67E-4,3.223E-4
5.341E-4,5.264E-4
5.77E-4,2.995E-4
2.632E-4,2.222E-4
2.651E-4,2.48E-4
3.719E-4,3.328E-4
2.947E-4,2.699E-4
7.01E-4,2.241E-4
1.574E-4,2.823E-4
8.554E-4,2.48E-4
3.5E-4,4.692E-4
3.672E-4,2.451E-4
6.914E-4,4.587E-4
8.44E-4,2.108E-4
4.053E-4,3.948E-4
1.526E-4,3.843E-4
3.767E-4,2.117E-4
3.338E-4,1.955E-4
2.47E-4,3.853E-4
6.351E-4,3.061E-4
4.015E-4,2.031E-4
9.785E-4,2.022E-4
2.832E-4,2.747E-4
6.437E-4,3.805E-4
8.841E-4,2.403E-4
2.985E-4,2.003E-4
8.192E-4,2.499E-4
6.895E-4,2.489E-4
5.617E-4,3.004E-4
5.312E-4,2.661E-4
1.678E-4,2.642E-4
5.045E-4,1.907E-4
6.018E-4,2.775E-4
6.046E-4,1.945E-4
3.824E-4,1.907E-4
5.035E-4,2.403E-4
3.548E-4,2.06E-4
7.524E-4,3.614E-4
9.48E-4,2.584E-4
4.196E-4,2.203E-4
8.717E-4,1.755E-4
3.452E-4,3.023E-4
5.474E-4,2.127E-4
9.069E-4,2.804E-4
5.083E-4,3.586E-4
2.775E-4,2.356E-4
4.616E-4,2.794E-4
0.001234,2.613E-4
2.232E-4,5.77E-4
4.74E-4,2.642E-4
5.207E-4,2.785E-4
1.898E-4,3.462E-4
2.365E-4,3.176E-4
4.177E-4,2.766E-4
2.346E-4,2.27E-4
0.001099,3.08E-4
5.865E-4,1.945E-4
7.496E-4,2.441E-4
4.292E-4,2.413E-4
4.663E-4,2.06E-4
4.845E-4,3.157E-4
6.666E-4,2.48E-4
3.08E-4,4.244E-4
7.305E-4,3.748E-4
8.764E-4,2.756E-4
2.67E-4,5.083E-4
2.441E-4,3.061E-4
0.002029,3.51E-4
5.465E-4,6.495E-4
9.861E-4,2.527E-4
6.332E-4,3.538E-4
2.384E-4,2.146E-4
2.88E-4,2.708E-4
7.286E-4,2.48E-4
6.657E-4,5.589E-4
0.001196,1.993E-4
4.091E-4,2.689E-4
1.717E-4,3.166E-4
5.417E-4,3.738E-4
4.148E-4,3.71E-4
2.947E-4,3.958E-4
8.364E-4,2.298E-4
7.324E-4,2.89E-4
4.187E-4,3.834E-4
1.831E-4,2.584E-4
2.575E-4,2.47E-4
5.274E-4,2.546E-4
5.531E-4,6.485E-4
2.308E-4,4.11E-4
2.699E-4,3.405E-4
6.685E-4,2.308E-4
5.474E-4,2.518E-4
5.178E-4,2.489E-4
9.022E-4,2.861E-4
4.463E-4,2.508E-4
3.281E-4,3.672E-4
1.831E-4,2.184E-4
6.523E-4,3.042E-4
6.351E-4,5.999E-4
9.594E-4,3.061E-4
2.441E-4,3.033E-4
8.03E-4,6.17E-4
4.883E-4,2.804E-4
3.099E-4,4.377E-4
3.576E-4,2.375E-4
6.075E-4,4.73E-4
4.845E-4,2.995E-4
3.777E-4,2.775E-4
6.542E-4,4.082E-4
2.136E-4,5.054E-4
4.787E-4,2.403E-4
