0.05756,0.001583
0.002548,0.001539
0.007812,0.00198
0.00119,0.001532
0.06189,0.001652
0.002319,0.001644
0.007385,0.00148
0.03967,0.001564
0.004272,0.001621
0.00107,0.001575
0.007568,0.002014
0.001507,0.001566
0.006348,0.002048
0.00354,0.001835
6.58E-4,0.001604
0.05994,0.00206
0.00293,0.001717
0.005363,0.001507
0.00157,0.001616
0.001528,0.001518
0.01877,0.001684
0.02414,0.001759
0.002373,0.001625
0.06158,0.001642
0.06433,0.001677
0.0112,0.001614
0.001122,0.001469
0.01987,0.001741
0.05927,0.001637
0.004417,0.00157
0.00141,0.001617
0.004211,0.002361
0.003784,0.001764
0.05603,0.001768
0.001312,0.00153
0.05695,0.001732
0.001404,0.00157
5.617E-4,0.001532
0.06207,0.002029
7.172E-4,0.001572
0.002747,0.001619
0.003063,0.001467
0.007812,0.001991
0.005432,0.001688
0.003784,0.001751
0.001095,0.001629
0.05884,0.001612
0.05908,0.001862
0.00119,0.001539
0.06207,0.00189
0.02634,0.002087
0.001936,0.001549
0.05646,0.001814
0.003235,0.001699
0.004272,0.002419
6.58E-4,2.127E-4
4.787E-4,2.213E-4
8.898E-4,3.366E-4
9.661E-4,3.176E-4
0.002319,5.102E-4
1.936E-4,2.642E-4
5.15E-4,2.337E-4
4.892E-4,1.812E-4
4.74E-4,2.985E-4
3.929E-4,3.595E-4
7.973E-4,4.52E-4
6.323E-4,2.031E-4
2.489E-4,2.909E-4
3.529E-4,2.766E-4
5.808E-4,3.967E-4
2.279E-4,2.947E-4
8.736E-4,2.222E-4
1.965E-4,2.365E-4
5.846E-4,3.529E-4
2.298E-4,3.672E-4
3.252E-4,2.441E-4
6.332E-4,2.098E-4
4.005E-4,1.86E-4
5.922E-4,3.948E-4
6.199E-4,2.155E-4
5.96E-4,3.3E-4
2.747E-4,2.975E-4
4.578E-4,3.014E-4
0.001171,4.101E-4
8.583E-4,2.995E-4
4.778E-4,2.575E-4
3.29E-4,2.184E-4
4.597E-4,2.298E-4
9.689E-4,3.815E-4
6.552E-4,2.556E-4
5.569E-4,2.89E-4
6.809E-4,3.223E-4
3.433E-4,5.264E-4
5.827E-4,2.995E-4
1.755E-4,2.222E-4
3.099E-4,2.47E-4
4.32E-4,3.338E-4
1.831E-4,2.689E-4
0.001904,2.241E-4
1.926E-4,2.823E-4
3.138E-4,2.48E-4
4.454E-4,4.692E-4
5.56E-4,2.451E-4
8.593E-4,4.587E-4
0.00181,2.117E-4
2.851E-4,3.958E-4
3.529E-4,3.834E-4
6.008E-4,2.117E-4
2.327E-4,1.955E-4
6.113E-4,3.843E-4
6.084E-4,3.061E-4
4.272E-4,2.022E-4
7.477E-4,2.022E-4
1.65E-4,2.747E-4
4.225E-4,3.805E-4
6.275E-4,2.394E-4
6.628E-4,2.003E-4
1.764E-4,2.499E-4
4.435E-4,2.489E-4
0.001104,3.004E-4
0.001528,2.67E-4
5.522E-4,2.642E-4
3.815E-4,1.907E-4
6.552E-4,2.775E-4
4.244E-4,1.945E-4
3.662E-4,1.898E-4
4.406E-4,2.403E-4
2.489E-4,2.069E-4
7.477E-4,3.614E-4
0.001097,2.594E-4
8.307E-4,2.203E-4
6.428E-4,1.755E-4
5.083E-4,3.014E-4
4.272E-4,2.136E-4
0.001152,2.804E-4
0.001211,3.586E-4
2.356E-4,2.356E-4
2.193E-4,2.794E-4
0.001219,2.613E-4
2.441E-4,5.779E-4
2.308E-4,2.642E-4
9.079E-4,2.785E-4
2.842E-4,3.452E-4
1.831E-4,3.176E-4
3.786E-4,2.766E-4
2.213E-4,2.27E-4
8.24E-4,3.061E-4
2.346E-4,1.945E-4
0.001066,2.451E-4
5.35E-4,2.413E-4
6.504E-4,2.041E-4
6.971E-4,3.157E-4
8.993E-4,2.48E-4
1.984E-4,4.826E-4
5.007E-4,3.748E-4
7.496E-4,2.756E-4
6.199E-4,5.083E-4
2.422E-4,3.052E-4
0.001953,3.519E-4
5.426E-4,6.294E-4
5.579E-4,2.527E-4
8.259E-4,3.529E-4
2.308E-4,2.146E-4
4.368E-4,2.699E-4
2.947E-4,2.48E-4
7.0E-4,4.854E-4
3.29E-4,1.974E-4
4.673E-4,2.708E-4
1.86E-4,3.166E-4
4.377E-4,3.738E-4
2.966E-4,3.71E-4
3.853E-4,3.958E-4
0.001099,2.298E-4
8.545E-4,2.89E-4
5.741E-4,3.834E-4
3.004E-4,2.584E-4
3.462E-4,2.46E-4
4.206E-4,2.556E-4
2.661E-4,6.371E-4
1.984E-4,4.139E-4
2.289E-4,3.405E-4
0.001259,2.308E-4
5.465E-4,2.518E-4
7.639E-4,2.489E-4
5.264E-4,2.861E-4
3.729E-4,2.48E-4
3.119E-4,3.681E-4
3.138E-4,2.174E-4
4.749E-4,3.052E-4
4.95E-4,5.989E-4
5.836E-4,3.061E-4
5.026E-4,3.033E-4
8.755E-4,6.466E-4
3.91E-4,2.813E-4
7.391E-4,4.387E-4
2.069E-4,2.375E-4
7.229E-4,4.721E-4
5.569E-4,2.995E-4
7.334E-4,2.775E-4
4.511E-4,4.082E-4
5.674E-4,5.054E-4
3.71E-4,2.413E-4
3.681E-4,3.061E-4
2.031E-4,1.85E-4
6.523E-4,3.166E-4
0.001244,2.651E-4
2.127E-4,2.375E-4
4.549E-4,3.281E-4
4.721E-4,0.001253
5.445E-4,2.613E-4
9.165E-4,5.083E-4
6.886E-4,2.05E-4
5.531E-4,2.403E-4
4.349E-4,2.813E-4
2.909E-4,3.576E-4
2.089E-4,2.06E-4
7.439E-4,2.432E-4
2.546E-4,2.403E-4
3.815E-4,2.441E-4
1.945E-4,2.537E-4
2.594E-4,3.92E-4
4.978E-4,1.869E-4
4.425E-4,2.623E-4
0.001146,2.489E-4
7.372E-4,6.704E-4
6.266E-4,2.089E-4
3.119E-4,3.09E-4
5.178E-4,2.832E-4
5.617E-4,2.537E-4
3.281E-4,2.918E-4
2.708E-4,2.604E-4
3.366E-4,1.841E-4
3.386E-4,2.756E-4
2.975E-4,2.613E-4
8.993E-4,1.698E-4
3.138E-4,1.926E-4
2.594E-4,3.91E-4
6.018E-4,2.46E-4
3.49E-4,3.405E-4
2.937E-4,2.737E-4
8.078E-4,2.384E-4
2.155E-4,4.005E-4
3.815E-4,2.356E-4
1.945E-4,2.871E-4
0.001863,5.398E-4
3.862E-4,3.042E-4
6.247E-4,4.94E-4
4.53E-4,2.327E-4
6.838E-4,2.975E-4
5.026E-4,2.708E-4
4.063E-4,2.508E-4
0.001259,5.131E-4
3.881E-4,2.556E-4
0.001356,4.797E-4
4.396E-4,2.022E-4
5.131E-4,3.042E-4
2.747E-4,3.119E-4
2.995E-4,2.489E-4
5.541E-4,2.384E-4
4.454E-4,6.466E-4
5.064E-4,3.824E-4
0.07373,0.002968
0.07275,0.00285
0.07129,0.002895
0.06299,0.00288
0.0791,0.002815
0.06171,0.00293
0.05627,0.002888
0.05957,0.002861
0.1111,0.002846
0.07275,0.002758
0.07068,0.002789
0.06165,0.002743
0.06482,0.002769
0.06299,0.002876
0.06348,0.002792
0.06335,0.00285
0.06055,0.002838
0.09534,0.002804
0.1204,0.002911
0.06433,0.002907
0.0603,0.002853
0.06274,0.002785
0.08594,0.002869
0.05969,0.002934
0.0611,0.002686
0.103,0.002861
0.06873,0.002987
