6.933E-4,9.365E-4
8.755E-4,9.413E-4
2.155E-4,9.165E-4
1.974E-4,9.594E-4
4.93E-4,9.708E-4
3.881E-4,0.001005
8.535E-4,9.747E-4
0.001421,9.518E-4
7.734E-4,9.632E-4
2.546E-4,9.756E-4
4.196E-4,9.842E-4
3.843E-4,0.001038
7.992E-4,9.518E-4
4.778E-4,9.47E-4
8.955E-4,9.422E-4
2.937E-4,9.346E-4
6.351E-4,9.632E-4
3.939E-4,9.089E-4
2.975E-4,9.336E-4
4.692E-4,9.584E-4
3.834E-4,9.422E-4
3.29E-4,9.88E-4
8.516E-4,9.68E-4
5.76E-4,9.937E-4
4.883E-4,9.727E-4
4.253E-4,9.327E-4
6.227E-4,0.001011
3.986E-4,9.327E-4
5.722E-4,9.384E-4
4.683E-4,0.001026
7.677E-4,9.842E-4
0.001019,0.001057
6.657E-4,0.001036
4.759E-4,9.67E-4
6.561E-4,9.899E-4
6.523E-4,9.766E-4
3.09E-4,9.604E-4
0.001003,9.46E-4
8.755E-4,9.956E-4
5.598E-4,9.26E-4
3.252E-4,9.432E-4
4.501E-4,9.604E-4
4.988E-4,9.613E-4
3.061E-4,9.537E-4
3.796E-4,9.861E-4
3.557E-4,9.623E-4
7.401E-4,9.327E-4
3.09E-4,9.508E-4
6.323E-4,9.613E-4
4.11E-4,9.546E-4
2.117E-4,9.251E-4
0.001486,9.308E-4
2.337E-4,9.899E-4
7.42E-4,9.05E-4
9.823E-4,9.394E-4
5.932E-4,9.356E-4
3.719E-4,9.298E-4
5.188E-4,9.298E-4
1.841E-4,9.642E-4
4.225E-4,9.136E-4
5.15E-4,9.489E-4
6.733E-4,9.594E-4
3.71E-4,9.422E-4
3.49E-4,9.174E-4
4.158E-4,9.651E-4
7.849E-4,9.556E-4
4.368E-4,9.67E-4
5.14E-4,9.327E-4
6.351E-4,9.584E-4
0.001055,9.203E-4
2.413E-4,9.823E-4
4.139E-4,9.604E-4
2.489E-4,9.46E-4
3.7E-4,9.842E-4
3.052E-4,9.88E-4
5.484E-4,9.441E-4
5.894E-4,9.289E-4
5.302E-4,9.575E-4
5.369E-4,9.632E-4
1.888E-4,9.279E-4
4.74E-4,9.518E-4
3.29E-4,9.584E-4
4.244E-4,9.308E-4
6.857E-4,9.308E-4
4.787E-4,9.27E-4
4.93E-4,9.604E-4
6.952E-4,9.251E-4
6.657E-4,9.251E-4
3.529E-4,9.613E-4
5.369E-4,9.46E-4
9.556E-4,9.422E-4
4.425E-4,9.46E-4
5.236E-4,0.001024
7.82E-4,9.098E-4
7.677E-4,9.165E-4
4.663E-4,9.289E-4
2.384E-4,9.365E-4
5.198E-4,9.222E-4
4.406E-4,9.184E-4
3.481E-4,9.174E-4
0.001253,0.001019
5.522E-4,9.527E-4
4.854E-4,9.613E-4
4.473E-4,9.232E-4
4.272E-4,9.47E-4
2.232E-4,9.48E-4
9.727E-4,9.756E-4
0.003304,9.441E-4
3.366E-4,9.689E-4
3.624E-4,9.375E-4
4.034E-4,9.327E-4
7.029E-4,9.251E-4
4.673E-4,9.47E-4
6.962E-4,9.27E-4
5.255E-4,9.537E-4
4.978E-4,9.747E-4
4.787E-4,9.174E-4
3.176E-4,9.785E-4
4.301E-4,9.489E-4
5.341E-4,9.155E-4
6.008E-4,9.661E-4
7.133E-4,9.48E-4
4.616E-4,9.165E-4
4.015E-4,9.232E-4
6.943E-4,9.241E-4
7.772E-4,9.632E-4
2.422E-4,9.136E-4
3.557E-4,9.394E-4
0.001179,9.298E-4
7.095E-4,9.375E-4
9.613E-4,9.384E-4
5.55E-4,9.136E-4
5.76E-4,9.785E-4
0.001093,9.432E-4
3.996E-4,9.508E-4
0.001549,9.279E-4
4.864E-4,9.384E-4
2.251E-4,0.001032
2.575E-4,0.001059
7.334E-4,9.499E-4
5.77E-4,9.88E-4
5.665E-4,9.48E-4
7.029E-4,9.117E-4
8.631E-4,9.527E-4
4.015E-4,9.527E-4
0.001003,8.945E-4
4.578E-4,9.184E-4
3.977E-4,9.68E-4
6.905E-4,9.232E-4
7.839E-4,9.26E-4
2.651E-4,9.594E-4
5.417E-4,0.001026
7.048E-4,9.527E-4
3.29E-4,9.356E-4
4.95E-4,9.46E-4
2.537E-4,9.308E-4
5.379E-4,9.661E-4
8.106E-4,9.298E-4
4.539E-4,9.394E-4
7.324E-4,9.174E-4
7.792E-4,9.575E-4
5.083E-4,0.001131
7.963E-4,0.001133
4.892E-4,0.001087
2.108E-4,0.001125
0.001751,9.155E-4
2.165E-4,0.00104
5.283E-4,9.518E-4
4.778E-4,9.108E-4
4.93E-4,9.108E-4
2.937E-4,9.012E-4
4.988E-4,9.108E-4
4.692E-4,9.527E-4
4.93E-4,9.336E-4
4.177E-4,9.346E-4
4.797E-4,9.356E-4
4.368E-4,9.613E-4
6.943E-4,9.375E-4
6.39E-4,9.203E-4
3.185E-4,9.155E-4
3.166E-4,9.718E-4
3.548E-4,9.88E-4
4.587E-4,9.737E-4
3.529E-4,9.451E-4
3.576E-4,9.584E-4
5.512E-4,9.46E-4
4.263E-4,9.88E-4
4.358E-4,9.489E-4
4.997E-4,9.441E-4
5.789E-4,9.346E-4
2.642E-4,9.26E-4
2.832E-4,9.375E-4
6.495E-4,9.737E-4
8.945E-4,9.613E-4
4.73E-4,9.422E-4
3.347E-4,9.336E-4
4.807E-4,9.298E-4
6.065E-4,9.451E-4
7.524E-4,9.584E-4
5.226E-4,9.556E-4
1.841E-4,9.451E-4
4.826E-4,8.965E-4
5.674E-4,9.46E-4
0.001259,8.993E-4
2.499E-4,9.651E-4
4.52E-4,9.785E-4
6.971E-4,9.518E-4
5.188E-4,9.642E-4
5.245E-4,9.47E-4
4.215E-4,9.394E-4
7.401E-4,9.289E-4
8.297E-4,9.975E-4
2.222E-4,0.001001
4.73E-4,9.279E-4
8.259E-4,9.823E-4
5.941E-4,9.46E-4
5.283E-4,9.327E-4
4.635E-4,9.718E-4
2.985E-4,9.651E-4
0.001116,9.089E-4
6.533E-4,9.356E-4
4.816E-4,9.279E-4
5.226E-4,9.289E-4
3.176E-4,9.88E-4
4.244E-4,0.001022
5.436E-4,9.212E-4
6.142E-4,9.651E-4
9.232E-4,9.327E-4
6.275E-4,9.375E-4
3.166E-4,9.88E-4
8.602E-4,0.001038
3.767E-4,0.00102
0.001001,9.699E-4
3.357E-4,9.508E-4
5.302E-4,9.403E-4
2.747E-4,9.174E-4
8.24E-4,9.67E-4
3.586E-4,9.47E-4
8.364E-4,9.756E-4
5.178E-4,9.737E-4
4.177E-4,9.098E-4
0.001017,9.26E-4
1.879E-4,9.365E-4
9.804E-4,9.518E-4
5.007E-4,9.346E-4
4.263E-4,9.556E-4
3.309E-4,9.375E-4
4.091E-4,9.68E-4
4.368E-4,9.995E-4
4.93E-4,9.804E-4
6.037E-4,9.594E-4
2.813E-4,9.289E-4
4.702E-4,9.441E-4
7.391E-4,9.661E-4
8.097E-4,0.001034
6.189E-4,9.537E-4
6.638E-4,0.001015
7.591E-4,9.67E-4
4.139E-4,9.48E-4
7.105E-4,9.394E-4
3.252E-4,9.527E-4
5.836E-4,9.079E-4
5.913E-4,9.394E-4
5.512E-4,9.451E-4
6.924E-4,9.842E-4
5.531E-4,9.193E-4
4.139E-4,9.365E-4
4.807E-4,9.661E-4
7.61E-4,9.041E-4
5.207E-4,9.222E-4
0.001078,9.203E-4
7.696E-4,8.984E-4
7.381E-4,9.184E-4
4.12E-4,9.327E-4
3.691E-4,9.184E-4
5.732E-4,9.317E-4
3.538E-4,9.708E-4
3.233E-4,9.67E-4
5.369E-4,9.785E-4
2.337E-4,9.642E-4
4.826E-4,9.785E-4
7.391E-4,9.527E-4
3.939E-4,9.27E-4
2.537E-4,9.241E-4
8.612E-4,9.403E-4
3.643E-4,9.48E-4
3.386E-4,9.46E-4
6.99E-4,9.279E-4
