0.04877,0.02069
0.08801,0.02304
0.04932,0.0206
0.06061,0.02249
0.07678,0.02036
0.0509,0.01956
0.04761,0.01642
0.04535,0.01968
0.03583,0.01974
0.06543,0.02332
0.06128,0.01871
0.06445,0.01779
0.06934,0.01898
0.04443,0.01852
0.07593,0.02142
0.05872,0.02075
0.08154,0.02255
0.05225,0.01892
0.04437,0.01776
0.06775,0.01944
0.05127,0.02048
0.0946,0.02216
0.06201,0.02045
0.08191,0.01971
0.06604,0.01968
0.07544,0.01971
0.04797,0.01746
0.03717,0.01962
0.04059,0.01981
0.05768,0.01996
0.05219,0.01892
0.06738,0.02029
0.0434,0.01987
0.05676,0.01624
0.06055,0.01758
0.08606,0.01816
0.05957,0.01752
0.07275,0.01932
0.05786,0.01785
0.03625,0.02325
0.07715,0.01685
0.08984,0.02081
0.0517,0.02023
0.05627,0.01859
0.06152,0.01883
0.07593,0.01825
0.04083,0.01917
0.03857,0.02039
0.06567,0.01657
0.05688,0.02002
0.07715,0.01849
0.04041,0.01871
0.06543,0.02161
0.04205,0.01794
0.04541,0.01962
0.03528,0.01669
0.05103,0.01898
0.02798,0.0192
0.04651,0.02057
0.08752,0.01776
0.05127,0.02057
0.05859,0.02213
0.04834,0.02353
0.05127,0.01788
0.06506,0.02045
0.05023,0.02383
0.06934,0.01935
0.06567,0.02008
0.03741,0.01938
0.07031,0.02109
0.02783,0.01999
0.05151,0.01996
0.05713,0.0206
0.05219,0.01761
0.0556,0.01978
0.08655,0.01999
0.047,0.01489
0.05023,0.01834
0.07434,0.01929
0.07983,0.02097
0.05273,0.02051
0.05438,0.01947
0.04749,0.02411
0.05029,0.0195
0.07019,0.02042
0.052,0.02252
0.04199,0.01727
0.05304,0.02069
0.05664,0.01849
0.05676,0.02048
0.05646,0.0191
0.03394,0.022
0.03613,0.02505
0.06384,0.02206
0.04089,0.01974
0.0332,0.017
0.05847,0.01935
0.03741,0.01953
0.05408,0.01801
0.07471,0.01913
0.06049,0.01874
0.03851,0.01614
0.04742,0.02246
0.05212,0.01999
0.05005,0.01978
0.05493,0.02158
0.05127,0.01889
0.05249,0.0173
0.05182,0.01767
0.03815,0.01736
0.05145,0.02521
0.04987,0.01822
0.06445,0.01761
0.0719,0.02075
0.05273,0.01852
0.03418,0.01709
0.05646,0.01804
0.05566,0.01999
0.05383,0.01883
0.073,0.01913
0.04926,0.01837
0.06543,0.01785
0.05786,0.01721
0.05005,0.01974
0.05457,0.01868
0.04871,0.01868
0.0636,0.02097
0.06311,0.01981
0.02295,0.02112
0.06494,0.02002
0.06177,0.01987
0.07739,0.02094
0.08911,0.01828
0.07605,0.01889
0.09253,0.01959
0.06165,0.01938
0.05743,0.02127
0.06628,0.01874
0.08337,0.01935
0.03357,0.01953
0.04364,0.0188
0.09729,0.01837
0.07861,0.01678
0.08765,0.01901
0.02719,0.01895
0.04486,0.01871
0.05133,0.01935
0.06738,0.02054
0.0578,0.01785
0.06946,0.01895
0.09521,0.0154
0.08325,0.02182
0.05762,0.02158
0.03955,0.01944
0.05444,0.01944
0.04871,0.01901
0.08362,0.02057
0.04614,0.01868
0.0625,0.021
0.03821,0.02002
0.04211,0.01877
0.05554,0.01895
0.05182,0.02249
0.03503,0.02106
0.05176,0.01883
0.04364,0.01889
0.04932,0.01944
0.08325,0.01913
0.03369,0.01724
0.05286,0.01935
0.1011,0.02283
0.03571,0.01654
0.07471,0.01776
0.05658,0.02008
0.06934,0.01834
0.05945,0.01862
0.07275,0.01898
0.05988,0.01981
0.04132,0.01855
0.06799,0.01944
0.04321,0.01813
0.03644,0.01678
0.06641,0.0177
0.02924,0.01797
0.08044,0.0191
0.05841,0.01974
0.05865,0.02069
0.07349,0.02057
0.05652,0.0184
0.0473,0.02213
0.08215,0.01917
0.04095,0.01898
0.08374,0.01965
0.04291,0.01822
0.05286,0.02017
0.05847,0.01984
0.05402,0.01801
0.04346,0.01804
0.06396,0.02271
0.05585,0.01886
0.07507,0.01959
0.06689,0.01895
0.04199,0.01968
0.07458,0.01794
0.05804,0.01874
0.05487,0.02005
0.08337,0.01904
0.05914,0.01877
0.06311,0.0202
0.08484,0.01514
0.06104,0.02264
0.03162,0.02023
0.04089,0.01901
0.06702,0.02377
0.06665,0.01941
0.05371,0.0209
0.06177,0.02081
0.0451,0.01807
0.03943,0.01898
0.07751,0.01974
0.0658,0.01877
0.06409,0.01675
0.05469,0.0199
0.05957,0.01834
0.07043,0.02023
0.05975,0.01895
0.04694,0.01669
0.05823,0.01849
0.03979,0.02066
0.0459,0.01965
0.07214,0.01898
0.03583,0.01935
0.09692,0.01923
0.05316,0.01785
0.07031,0.01962
0.07056,0.0166
0.03967,0.01773
0.0481,0.01755
0.05682,0.01898
0.05383,0.0191
0.04779,0.01678
0.06311,0.01895
0.06311,0.02618
0.04895,0.01581
0.05542,0.01932
0.08081,0.02145
0.03491,0.01932
0.0625,0.01904
0.02927,0.01895
0.04041,0.01889
0.06702,0.0188
0.04443,0.01981
0.073,0.01865
0.06653,0.01917
0.0802,0.01898
0.03955,0.01849
0.04852,0.01907
0.06738,0.01648
0.06714,0.02237
0.04938,0.01941
0.03406,0.02112
0.04504,0.01537
0.03174,0.01883
0.04346,0.01926
0.03516,0.01892
0.04504,0.01889
0.05713,0.01929
0.05151,0.01987
0.06055,0.01913
0.05975,0.0191
0.04376,0.01907
0.05072,0.0192
0.03333,0.01804
0.07202,0.02084
0.04449,0.01913
0.05756,0.02005
0.05804,0.01855
0.05542,0.01993
0.06097,0.01852
0.07703,0.01828
0.02429,0.02341
0.06348,0.01978
0.05762,0.01971
0.05444,0.0209
0.08057,0.01929
0.05695,0.01871
0.03986,0.01849
0.05524,0.01828
