0.02563,0.002563
0.0553,0.001791
0.02771,0.001768
0.02759,0.00174
0.07361,0.001991
0.1077,0.001781
0.02808,0.001753
0.1379,0.001827
0.01709,0.001925
0.02759,0.001883
0.02649,0.001858
0.02826,0.00185
0.0271,0.001869
0.1299,0.001785
0.02661,0.001778
0.0675,0.001728
0.02893,0.001762
0.02832,0.001833
0.02441,0.001961
0.02661,0.001741
0.02667,0.001972
0.02686,0.00198
0.1321,0.001743
0.1438,0.001984
0.02856,0.001749
0.0271,0.001951
0.02783,0.001911
0.02563,0.002151
0.0271,0.002155
0.02478,0.001719
0.1548,0.00193
0.02808,0.00176
0.02814,0.001699
0.1799,0.001785
0.02832,0.001921
0.02808,0.001728
0.02563,0.001869
0.02637,0.001787
0.04639,0.001936
0.02869,0.001934
0.1501,0.001722
0.02832,0.001852
0.2126,0.001862
0.05817,0.001757
0.0293,0.001722
0.02368,0.001926
0.0249,0.002357
0.1787,0.001888
0.0271,0.001711
0.0293,0.001936
0.03662,0.00176
0.0293,0.001717
0.0415,0.001904
0.1071,0.00238
0.02777,0.001854
0.02905,0.001696
0.1372,0.001932
0.1624,0.001795
0.1797,0.002583
0.02417,0.002361
0.1141,0.001928
0.06335,0.001726
0.02637,0.001942
0.03247,0.001747
0.02615,0.001976
0.02747,0.001896
0.06714,0.001741
0.03418,0.001877
0.146,0.001829
0.02734,0.001585
0.02478,0.001734
0.05786,0.001289
0.02734,0.002167
0.02649,0.001551
0.1355,0.001343
0.02368,0.002117
0.02661,0.001669
0.04474,0.001692
0.02612,0.001446
0.02405,0.001522
0.02634,0.001558
0.02771,0.001606
0.0282,0.00156
0.02625,0.001484
0.02649,0.001619
0.06567,0.001511
0.1687,0.001671
0.078,0.001493
0.1323,0.001713
0.04333,0.001656
0.08032,0.001656
0.1755,0.001661
0.06348,0.001503
0.02661,0.0016
0.02563,0.002079
0.1211,0.001261
0.02661,0.001627
0.02661,0.001509
0.02429,0.0014
0.1157,0.001783
0.1309,0.001337
0.02612,0.001503
0.02484,0.001564
0.04956,0.001701
0.02661,0.001415
0.02893,0.001598
0.01834,0.001015
0.02661,0.001478
0.1719,0.001482
0.0271,0.001631
0.0802,0.0023
0.08459,0.001444
0.1724,0.001671
0.07239,0.001459
0.02795,0.002178
0.0231,0.001442
0.02649,0.001635
0.02072,0.002193
0.02432,0.001505
0.1467,0.00148
0.01874,0.001432
0.1462,0.001675
0.1614,0.001488
0.02515,0.001474
0.02563,0.001745
0.02637,0.001432
0.02808,0.001633
0.02405,0.001688
0.02588,0.002571
0.02759,0.001627
0.0271,0.001432
0.1171,0.001499
0.04437,0.001736
0.02441,0.001699
0.1179,0.001661
0.02734,0.00169
0.02661,0.001474
0.1802,0.001379
0.02368,0.001469
0.02539,0.00144
0.02551,0.001511
0.09448,0.001648
0.02686,0.001589
0.07446,0.001511
0.0271,0.001476
0.026,0.001682
0.07178,0.001463
0.02368,0.001741
0.02545,0.001436
0.0271,0.001465
0.02588,0.001476
0.05389,0.001408
0.04974,0.001322
0.02518,0.001537
0.0271,0.001722
0.1123,0.001469
0.06616,0.001503
0.02283,0.001659
0.09802,0.001661
0.1531,0.0016
0.02734,0.001669
0.1475,0.001719
0.05756,0.001223
0.02686,0.001612
0.02783,0.002453
0.0658,0.00251
0.02338,0.00156
0.02588,0.00174
0.09351,0.002098
0.004448,0.001047
0.009079,0.001057
0.004494,0.001127
0.004417,0.001116
0.005859,0.001122
0.004074,0.001104
0.003796,0.001123
0.003567,0.001102
0.004181,0.001093
0.01904,0.001066
0.00486,0.001152
0.0033,0.001135
0.004066,0.001101
0.004646,0.001076
0.005127,0.001095
0.004395,0.001102
0.004097,0.001156
0.004395,0.001076
0.006752,0.001104
0.004646,0.001083
0.00312,0.001118
0.004028,0.001087
0.005547,0.001064
0.004883,0.001085
0.005371,0.001072
0.009277,0.001118
0.005371,0.001097
0.004173,0.00107
0.006348,0.001709
0.006142,0.001106
0.00349,0.00108
0.004982,0.00177
0.004395,0.001774
0.003754,0.001146
0.004066,0.001074
0.004433,0.001135
0.003319,0.001066
0.003441,0.001123
0.004059,0.001148
0.01398,0.001162
0.005333,0.002068
0.01474,0.001186
0.004616,0.001152
0.007454,0.001125
0.007126,0.001104
0.004524,0.001165
0.004883,0.001131
0.003349,0.001093
0.004883,0.001789
0.003433,0.001141
0.06421,0.04346
0.0752,0.04364
0.0896,0.04333
0.07678,0.04327
0.006653,0.03497
0.1384,0.05719
0.1185,0.05487
0.09766,0.05463
0.1018,0.0567
0.1372,0.05579
0.05981,0.05627
0.02695,0.05511
0.06146,0.05383
0.01929,0.05273
0.01865,0.05499
0.02902,0.05444
0.0274,0.05524
0.03131,0.05499
0.08911,0.05432
0.01886,0.05292
0.03333,0.05499
0.07239,0.05414
0.02951,0.05688
0.0282,0.05518
0.03015,0.05414
0.04138,0.05298
0.02008,0.05499
0.06158,0.05438
0.04578,0.05518
0.01938,0.1277
0.02277,0.1241
0.0376,0.127
0.02136,0.1249
0.04193,0.1294
0.01752,0.1272
0.03363,0.1262
0.0256,0.127
0.02505,0.1262
0.05603,0.1289
0.03754,0.1272
0.01682,0.1274
0.02734,0.1282
0.01801,0.1282
0.02621,0.1249
0.02869,0.1279
0.02078,0.1294
0.02466,0.1235
0.04791,0.1294
0.01953,0.1289
0.02969,0.1252
0.01895,0.1252
0.02493,0.1265
0.02649,0.1321
0.01791,0.1279
0.02466,0.1289
0.03491,0.1252
0.02466,0.1265
0.04431,0.1262
0.02304,0.1292
0.01974,0.1279
0.02505,0.1299
0.0224,0.1299
0.02014,0.1292
0.02841,0.127
0.02335,0.1245
0.05127,0.1289
0.0343,0.1265
0.02768,0.1262
0.01782,0.127
