0.007812,0.01624
0.5078,0.04443
0.007812,0.01474
0.4531,0.04474
0.4434,0.1088
4.988E-4,6.58E-4
0.003906,0.01395
0.4414,0.04608
0.4268,0.04382
0.4141,0.0448
0.4219,0.177
0.007812,0.0162
0.4043,0.04504
0.001045,0.01082
0.3672,0.05811
0.00975,0.01477
0.4297,0.04572
0.009766,0.01329
0.4604,0.0481
0.007812,0.01663
0.4136,0.1711
0.7422,0.04968
0.007812,0.01797
0.007812,0.01338
0.3901,0.1758
0.7812,0.05011
0.007812,0.01721
0.625,0.0481
0.3872,0.04584
0.007812,0.0181
0.007812,0.01816
0.007812,0.01547
0.007812,0.01337
0.003906,0.01559
0.003906,0.01495
0.007812,0.01424
0.01088,0.01398
0.4375,0.04657
0.007812,0.01509
0.4717,0.1541
0.6719,0.05609
0.4268,0.04553
0.003906,0.0144
0.007812,0.01419
0.03473,0.01247
0.007812,0.0162
0.007812,0.01743
0.007812,0.017
0.4453,0.04639
0.3696,0.04816
0.4512,0.06824
0.5781,0.1587
9.766E-4,0.01056
0.3647,0.04767
0.007812,0.01494
0.4478,0.08813
0.007812,0.01666
0.457,0.04492
0.4531,0.05005
0.4609,0.04352
0.007812,0.0162
0.007812,0.0134
0.001953,0.0136
0.415,0.04633
0.457,0.04663
0.3892,0.1345
0.3975,0.0451
0.6328,0.1443
0.007812,0.01439
0.007812,0.01587
0.007812,0.01488
0.4219,0.08215
0.4033,0.1229
0.01242,0.01489
0.4399,0.04504
0.007812,0.01627
0.354,0.1057
0.4844,0.04791
0.3652,0.04523
0.5996,0.04468
0.4155,0.09863
0.9062,0.04932
0.6328,0.03809
0.04962,0.01445
0.007812,0.01497
0.7969,0.04352
0.5156,0.04803
0.4116,0.1609
9.766E-4,0.01094
0.007812,0.01416
0.007812,0.01746
0.007812,0.01749
0.001953,0.013
0.3672,0.1003
0.4375,0.04608
0.6406,0.04962
0.4062,0.04578
0.007812,0.01764
0.4692,0.04858
9.766E-4,0.01172
0.3672,0.1362
0.6133,0.1689
0.6875,0.1729
0.007812,0.01497
0.007812,0.01512
0.3623,0.0495
0.007812,0.01503
0.9102,0.04535
0.001953,0.01688
0.457,0.1624
0.01562,0.02148
0.3267,0.1663
0.4087,0.04462
0.4922,0.04626
0.007812,0.01427
0.003906,0.0166
0.007812,0.01852
0.007812,0.01566
0.457,0.0556
0.007812,0.01593
0.007812,0.01883
0.5781,0.09033
0.007812,0.01749
0.007812,0.01584
0.5469,0.05023
0.3877,0.05048
0.0285,0.01575
0.001953,0.01317
0.007812,0.01454
0.4062,0.1746
0.03503,0.01678
0.007812,0.01685
0.5625,0.04547
0.7812,0.1724
0.6562,0.08862
0.4531,0.04706
0.543,0.04791
0.4146,0.1562
0.4688,0.08569
0.7031,0.06158
0.02783,0.01819
0.007812,0.01682
0.4072,0.1423
0.007812,0.01624
0.6875,0.1144
0.003906,0.01624
0.625,0.04584
0.01056,0.01518
0.4077,0.1619
0.007812,0.01624
0.375,0.0448
0.007812,0.01479
0.5625,0.04865
0.007812,0.01506
0.007812,0.01532
0.4297,0.04492
0.007812,0.01581
0.4453,0.1611
0.003906,0.01372
0.4688,0.04755
0.007812,0.0163
0.4077,0.165
0.003906,0.01526
0.3662,0.1194
0.007812,0.01413
0.4199,0.1099
0.007812,0.01434
0.007812,0.01608
0.5938,0.1267
0.3657,0.06274
0.3828,0.02219
0.007812,0.01483
0.3672,0.04779
0.007812,0.01721
0.7344,0.1531
0.007812,0.01999
0.4766,0.04266
0.007812,0.01547
0.3516,0.1267
0.707,0.06049
0.007812,0.01688
0.4399,0.04822
0.007812,0.01555
0.007812,0.01755
0.02643,0.01219
0.4219,0.1736
0.006836,0.01009
0.8398,0.05963
0.4141,0.04852
0.007812,0.01566
0.007812,0.01743
0.007812,0.02975
0.4648,0.04504
0.007812,0.01846
0.4844,0.047
0.003906,0.01337
0.007812,0.01428
0.4336,0.04468
0.4688,0.04761
0.8086,0.04437
0.5312,0.06555
0.007812,0.01384
0.4453,0.1012
0.4844,0.06061
0.377,0.07446
0.007812,0.01855
0.003906,0.01338
0.5781,0.1711
0.6406,0.05115
0.4141,0.04675
0.005859,0.01265
0.3516,0.05804
0.3716,0.04694
0.4141,0.04712
0.4424,0.1772
0.003906,0.01682
0.02866,0.01479
0.4688,0.05127
0.006836,0.01073
0.007812,0.01436
0.001953,0.01372
0.007812,0.01408
0.001953,0.0155
0.007812,0.01295
0.007812,0.01828
0.3682,0.1272
0.6719,0.1736
0.007812,0.01727
0.007812,0.01657
0.007812,0.01578
0.3516,0.05029
0.0506,0.01508
0.007812,0.01457
0.007812,0.01767
0.007812,0.01605
0.4438,0.04474
0.4375,0.04163
0.4297,0.1475
0.6953,0.146
0.005859,0.01004
0.007812,0.01387
0.4531,0.1633
0.007812,0.01807
0.5625,0.04724
0.007812,0.015
0.008438,0.008301
0.4575,0.0423
0.4297,0.1035
0.009842,0.01054
0.4844,0.04358
0.007812,0.01407
0.01794,0.006401
0.3638,0.176
0.4023,0.04608
0.437,0.04639
0.5156,0.07043
0.007812,0.0159
0.4692,0.0473
0.005859,0.01291
0.7148,0.1726
0.007812,0.01453
0.4316,0.1675
0.5391,0.1714
0.3477,0.1665
0.3906,0.1565
0.007812,0.01776
0.3574,0.1497
0.01297,0.01289
0.4067,0.047
0.007812,0.01518
0.4131,0.04773
0.003906,0.01758
0.007812,0.01813
0.007812,0.01773
0.4248,0.176
0.02274,0.01459
0.007812,0.01678
0.4492,0.04425
0.007812,0.01791
0.6387,0.08057
0.007812,0.02753
0.5156,0.04395
0.007812,0.0191
0.4229,0.04742
0.003906,0.01355
0.007812,0.01636
0.007812,0.01733
0.007812,0.01691
