2,6
2,5
3,13
2,6
2,8
2,9
2,6
2,5
2,7
2,4
2,6
2,6
2,3
2,6
2,6
2,2
2,6
2,6
2,6
2,6
2,7
2,6
2,7
2,6
2,6
2,2
2,6
2,4
2,6
2,6
2,3
2,7
2,6
2,12
2,6
2,7
2,7
2,7
2,7
2,6
2,6
2,6
2,6
2,7
2,6
2,6
2,7
2,5
2,3
2,6
2,6
2,7
2,6
2,6
2,3
2,3
2,5
2,3
2,7
2,6
2,4
2,2
2,6
2,4
2,6
2,4
2,6
2,6
2,5
2,6
2,6
2,7
2,6
2,7
2,6
2,6
2,6
2,6
2,8
2,6
2,7
2,2
2,7
2,3
2,6
2,5
2,2
2,6
2,6
2,6
2,6
2,7
2,1
2,10
2,6
2,6
2,6
2,7
2,7
2,6
2,6
2,6
2,7
2,6
2,7
2,5
2,6
2,6
2,6
2,6
2,6
2,6
2,7
2,6
2,6
2,13
2,3
2,12
2,6
2,5
2,7
2,6
2,6
2,7
2,6
2,6
2,6
2,7
2,7
4,5
1,1
1,2
1,1
1,2
1,1
8,4
4,1
5,5
1,5
1,6
1,5
1,6
1,7
1,7
1,6
1,5
1,5
1,8
1,6
1,6
1,6
1,6
1,5
1,6
1,6
1,5
1,6
1,5
1,7
1,5
1,6
1,6
1,9
1,6
1,6
1,5
1,7
1,6
1,6
1,6
1,6
1,11
1,7
1,6
1,6
1,6
1,5
1,5
1,8
1,9
1,5
1,5
1,6
1,6
1,6
1,5
1,10
6,24
6,27
6,27
6,24
6,24
6,27
6,26
6,23
6,25
6,24
6,42
6,30
6,25
6,44
6,23
6,23
6,24
6,42
6,27
6,25
6,27
6,25
6,26
6,25
6,29
6,24
6,26
6,28
6,23
6,46
4,42
4,46
4,24
4,22
4,32
4,24
4,24
4,26
4,25
4,24
4,23
4,24
4,24
4,42
4,38
4,24
4,25
4,26
4,48
4,28
4,25
4,25
4,25
4,25
4,24
4,29
4,24
4,22
4,27
4,26
1,4
1,6
1,4
3,39
1,13
1,10
1,8
1,8
1,11
1,7
1,5
1,6
1,9
1,6
1,8
1,7
1,11
1,8
1,7
1,8
1,11
1,10
1,7
1,6
1,6
1,8
1,10
1,6
1,10
1,6
1,6
1,7
1,6
1,7
1,6
1,9
1,11
1,7
1,7
1,8
1,11
