0.116,0.00367
0.1177,0.006073
0.1226,0.003376
0.06042,0.003433
0.1377,0.003735
0.06195,0.004028
0.0719,0.004333
0.07544,0.005302
0.1182,0.003029
0.1057,0.003578
0.1213,0.003323
0.1169,0.003529
0.09619,0.003296
0.09155,0.00415
0.09155,0.00473
0.09668,0.004448
0.1267,0.003536
0.1399,0.004395
0.06616,0.003117
0.1106,0.003822
0.1482,0.004524
0.1367,0.00259
0.07227,0.004494
0.00943,0.01134
0.137,0.004196
0.1511,0.00563
0.06433,0.004005
0.1328,0.003513
0.1091,0.009171
0.08105,0.005249
0.106,0.004349
0.119,0.004135
0.09302,0.003742
0.1487,0.002926
0.06445,0.005791
0.126,0.004349
0.116,0.004311
0.1384,0.00367
0.1401,0.003716
0.09656,0.004433
0.1119,0.002548
0.09351,0.004166
0.08765,0.005898
0.1418,0.003952
0.1333,0.003536
0.1067,0.004463
0.1533,0.003792
0.1311,0.003868
0.124,0.004143
0.1174,0.005043
0.1011,0.003712
0.1445,0.004585
0.1294,0.004288
0.1074,0.003067
0.09497,0.003437
0.1105,0.003124
0.07117,0.01782
0.07275,0.004738
0.1392,0.003883
0.1445,0.003265
0.09595,0.004089
0.08984,0.005905
0.1163,0.003613
0.1088,0.01524
0.1111,0.003681
0.09839,0.003826
0.126,0.003269
0.09534,0.004974
0.06445,0.009857
0.07886,0.00396
0.09009,0.003551
0.08569,0.003773
0.1044,0.0033
0.1172,0.005058
0.07593,0.003258
0.1191,0.004181
0.1414,0.005005
0.1146,0.003166
0.1531,0.003223
0.0946,0.004921
0.1182,0.005257
0.1306,0.003387
0.1134,0.003296
0.1235,0.004684
0.09583,0.002567
0.146,0.005287
0.0752,0.003216
0.1045,0.00386
0.07141,0.003254
0.06738,0.01007
0.06934,0.01143
0.1023,0.006332
0.08813,0.003227
0.09912,0.004051
0.1002,0.003551
0.1074,0.005249
0.1033,0.002201
0.1184,0.004791
0.09448,0.003628
0.09912,0.004135
0.1184,0.003498
0.09546,0.004066
0.0918,0.00341
0.1343,0.005287
0.1384,0.005684
0.1158,0.006058
0.1049,0.00288
0.1558,0.004066
0.1099,0.004028
0.1108,0.003235
0.1183,0.004158
0.1472,0.00412
0.1289,0.004921
0.09241,0.004051
0.1191,0.003487
0.1306,0.003052
0.1108,0.003357
0.08167,0.008072
0.09741,0.003185
0.06567,0.004692
0.099,0.003616
0.09814,0.004631
0.1187,0.005836
0.145,0.00396
0.1033,0.004013
0.1328,0.004486
0.09729,0.003139
0.1063,0.003242
0.09924,0.004936
0.1224,0.004997
0.1328,0.008026
0.1438,0.003162
0.09302,0.003826
0.1421,0.004395
0.1035,0.002838
0.1316,0.003765
0.07642,0.00589
0.1252,0.003975
0.1171,0.003231
0.1106,0.002743
0.1353,0.004448
0.1121,0.004715
0.09619,0.002838
0.09351,0.002472
0.0636,0.021
0.09424,0.003353
0.134,0.00309
0.06372,0.004181
0.1455,0.008835
0.1135,0.004288
0.1097,0.003105
0.09509,0.007553
0.09387,0.004166
0.09253,0.005722
0.1316,0.003937
0.08984,0.003616
0.1267,0.003593
0.1154,0.003399
0.07874,0.00473
0.1277,0.007469
0.1113,0.004356
0.1545,0.004494
0.1238,0.007416
0.1458,0.007141
0.1095,0.004341
0.1484,0.003487
0.1316,0.004997
0.09875,0.003086
0.06909,0.005592
0.1227,0.004784
0.1504,0.003258
0.07092,0.006416
0.09558,0.003605
0.101,0.003914
0.1221,0.004562
0.03125,0.01688
0.09485,0.003193
0.1301,0.003235
0.07935,0.003456
0.1194,0.003765
0.1028,0.004005
0.0769,0.003506
0.1199,0.00428
0.1533,0.003052
0.0896,0.003681
0.1416,0.003292
0.1163,0.002876
0.06885,0.01541
0.1511,0.004562
0.1445,0.00375
0.1272,0.005669
0.07837,0.01135
0.09631,0.005898
0.09338,0.003922
0.09534,0.003216
0.1085,0.00386
0.01984,0.02896
0.1321,0.003529
0.06335,0.007668
0.09814,0.004959
0.1118,0.003548
0.1401,0.003643
0.0918,0.004562
0.1235,0.004135
0.124,0.006012
0.06323,0.005516
0.06219,0.003944
0.07825,0.004333
0.1063,0.00349
0.126,0.005066
0.1321,0.00312
0.1027,0.003716
0.1102,0.005424
0.1112,0.003002
0.1169,0.006149
0.1355,0.00396
0.08923,0.00317
0.05737,0.0217
0.08069,0.003227
0.123,0.003853
0.09802,0.005447
0.1022,0.00309
0.09692,0.003174
0.1125,0.003353
0.08215,0.004951
0.09888,0.003349
0.1536,0.003452
0.07361,0.003902
0.1178,0.00296
0.124,0.004959
0.1044,0.003792
0.07812,0.005013
0.06934,0.003716
0.09399,0.004036
0.1022,0.004868
0.06207,0.005287
0.0929,0.002537
0.1144,0.003441
0.1067,0.00338
0.1182,0.003033
0.03192,0.02423
0.1453,0.004265
0.06244,0.006958
0.09241,0.003716
0.1029,0.006615
0.06982,0.0047
0.09314,0.002903
0.09534,0.004326
0.09399,0.005013
0.1086,0.003883
0.1215,0.004517
0.1029,0.004059
0.1089,0.004677
0.06262,0.009964
0.09863,0.00428
0.07178,0.00428
0.1216,0.00375
0.08264,0.005051
0.1074,0.003788
0.1107,0.004974
0.0528,0.004036
0.1138,0.00386
0.06677,0.0047
0.1404,0.003922
0.1194,0.004356
0.1375,0.004158
0.1326,0.004005
0.1416,0.004501
0.1099,0.004807
0.0835,0.004341
0.02258,0.01941
0.0968,0.003895
0.1523,0.003075
0.08984,0.004776
0.1029,0.003944
0.09521,0.00441
0.1511,0.003696
0.105,0.004875
0.1465,0.003799
0.06519,0.003384
0.1472,0.003975
0.1265,0.004051
0.1212,0.002808
0.1074,0.006081
0.1029,0.005569
0.1479,0.003796
0.1057,0.004631
0.09937,0.003548
