0.01276,0.03705
0.01147,0.03571
0.004196,0.03735
0.1219,0.03754
0.1154,0.03668
0.007431,0.0368
0.01192,0.03723
0.1047,0.03613
0.01074,0.03644
0.003571,0.03668
0.01439,0.03723
0.002258,0.03625
0.01189,0.0368
0.01566,0.03699
0.3008,0.03754
0.002563,0.03699
0.01183,0.03754
0.01575,0.03711
0.01477,0.03638
0.2048,0.03717
0.1154,0.0368
0.2749,0.03717
0.01122,0.03577
0.009323,0.03656
0.007568,0.03717
0.01102,0.03656
0.2949,0.0368
0.01764,0.0379
0.004951,0.03711
0.08081,0.03802
0.1992,0.03717
0.01204,0.03662
0.2053,0.03668
0.1365,0.03705
0.1472,0.03876
0.0108,0.03717
0.1204,0.03644
0.1287,0.03918
0.003338,0.03766
0.1162,0.03717
0.01314,0.03699
0.186,0.03729
0.01237,0.04211
0.1443,0.03766
0.003139,0.03613
0.01277,0.03674
0.1068,0.03693
0.003784,0.03717
0.2715,0.03717
0.01491,0.0379
0.00349,0.03748
0.08643,0.03632
0.2341,0.03711
0.02579,0.0368
0.002319,0.03644
0.2134,0.03857
0.1892,0.03656
0.003223,0.03729
0.003784,0.03503
0.003685,0.0365
0.1472,0.03711
0.248,0.0368
0.006279,0.03607
0.1633,0.03711
0.0114,0.03668
0.01041,0.03632
0.01221,0.03656
0.01266,0.03674
0.04553,0.03619
0.01105,0.03625
0.008972,0.03619
0.01204,0.03723
0.0603,0.03607
0.01199,0.03778
0.01706,0.0379
0.1702,0.03833
0.2559,0.03656
0.01321,0.03821
0.2935,0.03723
0.004517,0.03772
0.06799,0.03809
0.2979,0.03882
0.01411,0.03699
0.005318,0.03619
0.06555,0.03821
0.01645,0.0376
0.0578,0.03668
0.00634,0.03711
0.06348,0.03607
0.01228,0.03552
0.2258,0.03717
0.078,0.03668
0.01288,0.03741
0.2563,0.03894
0.09705,0.03748
0.01053,0.03748
0.01178,0.03601
0.1597,0.03778
0.02728,0.03632
0.01326,0.03613
0.2102,0.03821
0.01253,0.03735
0.01187,0.03595
0.003685,0.0365
0.1311,0.03693
0.004517,0.03613
0.01828,0.03735
0.03198,0.03662
0.1758,0.03735
0.01161,0.03717
0.01471,0.03571
0.01195,0.03668
0.01161,0.03662
0.004623,0.03668
0.003498,0.03754
0.01106,0.03668
0.003601,0.03748
0.01239,0.03656
0.00502,0.03741
0.001953,0.03583
0.1355,0.03693
0.219,0.03589
0.0123,0.03711
0.01129,0.03687
0.1252,0.03632
0.2356,0.03772
0.1987,0.03662
0.111,0.03577
0.01068,0.0365
0.1814,0.03821
0.09607,0.03876
0.2612,0.03741
0.004066,0.03668
0.008514,0.0365
0.0118,0.03693
0.003391,0.03754
0.0625,0.0354
0.009872,0.0368
0.2224,0.03741
0.004745,0.03558
0.01239,0.03638
0.01173,0.03754
0.01459,0.03754
0.01474,0.03748
0.01152,0.03723
0.1753,0.03693
0.01617,0.03687
0.0135,0.03668
0.003147,0.03674
0.01266,0.03619
0.09436,0.03662
0.2107,0.03766
0.2461,0.0376
0.01253,0.03632
0.1058,0.03717
0.00856,0.03632
0.01093,0.0365
0.0118,0.03613
0.01134,0.03925
0.01184,0.03601
0.006195,0.03607
0.2773,0.03717
0.01097,0.03619
0.01337,0.0368
0.01169,0.03656
0.2097,0.03699
0.004158,0.03687
0.02045,0.03729
0.009842,0.03729
0.006363,0.03674
0.003902,0.03729
0.3091,0.03918
0.2288,0.03735
0.002968,0.0412
0.01289,0.03644
0.01328,0.03674
0.1135,0.03711
0.2458,0.03741
0.0118,0.03625
0.1626,0.03809
0.01309,0.0368
0.1423,0.03802
0.2366,0.03668
0.003361,0.03729
0.01218,0.03687
0.01151,0.03619
0.2505,0.03766
0.1409,0.03699
0.1353,0.0368
0.1068,0.03625
0.1931,0.03589
0.005615,0.03687
0.003876,0.03699
0.002502,0.03577
0.1343,0.03625
0.146,0.03638
0.00362,0.03693
0.1172,0.03711
0.01511,0.03815
0.005493,0.03638
0.01292,0.03735
0.2188,0.03638
0.0101,0.03784
0.008469,0.03748
0.2524,0.03589
0.009705,0.03625
0.1338,0.03607
0.0106,0.03687
0.003914,0.03705
0.1633,0.03821
0.009796,0.03741
0.01312,0.03674
0.01324,0.03589
0.004166,0.03571
0.009949,0.03687
0.00293,0.03766
0.01271,0.03784
0.08704,0.03699
0.01285,0.03644
0.01015,0.03656
0.005371,0.0368
0.01202,0.03638
0.1333,0.03784
0.004204,0.03595
0.01169,0.03693
0.01556,0.03625
0.01675,0.03717
0.01288,0.03705
0.005127,0.03619
0.1914,0.03693
0.1548,0.03693
0.01196,0.0379
0.06213,0.03735
0.01617,0.03662
0.01199,0.03906
0.01408,0.03589
0.01291,0.03656
0.01283,0.03717
0.01059,0.03851
0.1858,0.03699
0.0166,0.03705
0.003868,0.03601
0.241,0.0376
0.006805,0.03589
0.004242,0.03589
0.01096,0.0376
0.06244,0.0365
0.01096,0.03717
0.01134,0.03656
0.007812,0.03687
0.2332,0.03778
0.01158,0.03619
0.03979,0.03741
0.02972,0.03571
0.01147,0.0368
0.2014,0.03705
0.002914,0.03644
0.008392,0.03729
0.01057,0.03638
0.01584,0.03784
0.2539,0.03601
0.03149,0.03687
0.01089,0.03705
0.01036,0.03778
0.2158,0.0376
0.002197,0.03754
0.01813,0.03735
0.165,0.03729
0.003101,0.03662
0.01221,0.03607
0.1899,0.03754
0.008377,0.0379
0.0907,0.03662
0.02228,0.03735
0.01183,0.03595
0.004379,0.03748
0.1423,0.03815
0.1743,0.03845
0.06152,0.04028
5.217E-4,8.755E-4
0.01651,0.002197
0.2959,0.005867
0.3701,0.007843
0.2622,0.005493
0.293,0.005394
0.3359,0.005348
0.2559,0.005821
0.29,0.006241
