0.1129,0.01115
0.3018,0.02084
0.01218,0.007965
0.1287,0.003529
0.1241,0.003475
0.1265,0.003487
0.1509,0.003578
0.1248,0.003654
0.1191,0.003517
0.1243,0.003574
0.1257,0.003437
0.1246,0.003426
0.1248,0.004143
0.1475,0.06689
0.07227,0.001791
0.1311,0.01108
0.07385,0.01077
0.08655,0.009872
0.1311,0.01207
0.4194,0.01569
0.05823,0.006386
0.06323,0.00589
0.08313,0.008133
0.09509,0.008636
0.08154,0.008713
0.1007,0.007706
0.005615,0.006409
0.176,0.003452
0.1663,0.003262
0.1149,0.003689
0.1353,0.003658
0.1176,0.003437
0.126,0.0037
0.144,0.00351
0.07544,0.06665
0.0697,0.009003
0.09326,0.01295
0.07776,0.009293
0.1311,0.01164
0.07178,0.01627
0.1313,0.0108
0.07312,0.01439
0.124,0.003517
0.1237,0.003513
0.2056,0.003628
0.09241,0.003475
0.1241,0.003452
0.09766,0.00354
0.4277,0.06653
0.4707,0.06738
0.176,0.0235
0.1158,0.01419
0.06171,0.005974
0.06482,0.006088
0.008133,0.008011
0.09058,0.008499
0.007019,3.815E-5
0.01057,2.575E-5
0.003582,1.621E-5
0.1183,0.003593
0.1409,0.00354
0.1011,0.003357
0.1117,0.003437
0.1167,0.003483
0.1758,0.003944
0.1836,0.003498
0.1229,0.003349
0.004143,6.104E-5
0.1284,0.01929
0.1027,0.009048
0.07434,0.00914
0.05713,0.008118
0.1051,0.009247
0.00293,3.433E-5
0.006691,2.193E-5
0.125,0.003532
0.1029,0.003456
0.09729,0.003616
0.09961,0.0658
0.06873,0.01137
0.1246,0.01463
0.08801,0.006508
0.08606,0.01003
0.1477,0.007858
0.1085,0.006805
0.1122,0.008575
0.01965,0.006676
0.06219,0.008682
0.00679,0.001633
0.09021,0.003445
0.125,0.003578
0.126,0.003395
0.1248,0.003517
0.175,0.003464
0.1621,0.003296
0.1227,0.003746
0.1144,0.008194
0.1105,0.06726
0.02448,0.02966
0.1321,0.009644
0.07056,0.007294
0.04858,0.00856
0.127,0.00338
0.1038,0.003448
0.1267,0.003571
0.124,0.003582
0.118,0.003647
0.1152,0.003742
0.1487,0.003296
0.1063,0.06482
0.5488,0.06848
0.07983,0.01044
0.06897,0.01202
0.1115,0.01006
0.0741,0.01158
0.1135,0.01207
0.06274,0.006157
0.1233,0.003422
0.09937,0.003708
0.136,0.003475
0.1138,0.003548
0.1235,0.003746
0.125,0.003292
0.1245,0.003555
0.1219,0.003559
0.02066,7.01E-4
0.1387,0.06824
0.0697,0.01257
0.08032,0.01276
0.1372,0.00795
0.08252,0.009323
0.111,0.009628
0.09863,0.01427
0.1052,0.0153
0.06824,0.01167
0.1265,0.008438
0.0614,0.008636
0.09167,0.008926
0.07397,0.008652
0.004257,0.006676
0.1252,0.03204
0.1257,0.003422
0.1257,0.003578
0.1257,0.003738
0.126,0.003628
0.1279,0.06348
0.108,0.01451
0.09448,0.01093
0.1333,0.009537
0.1024,0.009628
0.1267,0.01205
0.08594,0.01471
0.09546,0.006744
0.0907,0.007111
0.08728,0.01367
0.1021,0.01459
0.05951,0.008881
0.06641,0.008987
0.01776,0.006737
0.08423,0.008301
0.1262,0.003681
0.1255,0.003532
0.1257,0.02783
0.07825,0.008926
0.09045,0.006943
0.1287,0.03186
0.08765,0.007347
0.1252,0.01697
0.09814,0.008774
0.09412,0.008987
0.1067,0.003609
0.1249,0.003609
0.1255,0.003414
0.1234,0.003376
0.1205,0.00346
0.1252,0.003716
0.2236,0.02853
0.1345,0.009186
0.07739,0.0155
0.09534,0.007248
0.1229,0.01114
0.1311,0.01265
0.07056,0.01054
0.078,0.01065
0.05957,0.006683
0.06433,0.008331
0.3672,0.08484
0.4268,0.02896
0.1555,0.0542
0.08752,0.06689
0.07996,0.008423
0.1244,0.01596
0.1289,0.007225
0.0686,0.007874
0.06226,0.009048
0.06226,0.009155
0.022,0.006439
0.1212,0.003532
0.1249,0.003445
0.1265,0.003479
0.1144,0.003716
0.06421,0.0332
0.2651,0.006058
0.0741,0.009644
0.07178,0.0137
0.09375,0.009369
0.1467,0.007858
0.3687,0.022
0.0835,0.008759
4.425E-4,4.196E-5
0.1125,0.003357
0.2139,0.06738
0.08984,0.07019
0.4385,0.0658
0.1182,0.01013
0.08423,0.01054
0.08142,0.01334
0.1143,0.01091
0.1095,0.009521
0.06714,0.008667
0.004639,0.001621
0.0141,0.007095
0.04669,0.06689
0.1411,0.02396
0.08826,0.008209
0.1094,0.008377
0.08972,0.01366
0.07043,0.008469
0.2407,0.03674
0.02881,0.00824
0.1239,0.003746
0.1244,0.003681
0.1255,0.05896
0.08374,0.06665
0.1248,0.01402
0.1051,0.01378
0.06238,0.00795
0.06091,0.009125
0.06183,0.008804
0.1016,0.008698
0.312,0.0874
0.1201,0.003807
0.1248,0.003632
0.09167,0.01239
0.1252,0.01202
0.113,0.01414
0.07043,0.01187
0.06061,0.008835
0.0802,0.009399
0.252,0.0885
0.1161,0.003506
0.1406,0.06055
0.08789,0.06604
0.1274,0.01315
0.05267,0.007072
0.1277,0.01102
0.08301,0.009308
0.06158,0.007034
0.06531,0.006104
0.06262,0.006393
0.0636,0.008926
0.07837,0.008575
0.05933,0.008865
0.1005,0.008621
0.1997,0.08215
0.1248,0.004326
0.1117,0.02777
0.09985,0.06519
0.1555,0.02414
0.3208,0.02063
0.292,0.008667
0.1553,0.001127
0.0173,6.266E-4
0.1066,0.01125
0.08301,0.00914
0.08423,0.009064
0.05811,0.006805
0.03091,8.135E-4
0.1106,0.009445
0.01048,0.008087
0.1176,0.003498
0.1252,0.003605
0.4429,0.06726
0.09509,0.007545
0.1022,0.009857
0.1323,0.01456
0.07031,0.01372
0.08606,0.008911
