0.1406,0.0658
0.2136,0.06677
0.1707,0.01302
0.0907,0.01097
0.03522,0.01048
0.1023,0.01259
0.06702,0.01663
0.06799,0.009247
0.1321,0.01373
0.09216,0.01001
0.09216,0.01186
0.1267,0.009354
0.1146,0.00798
0.1328,0.009735
0.1232,0.01562
0.06012,0.006035
0.0246,0.001245
0.03601,0.007462
0.06207,0.008377
0.02573,0.006409
0.1418,0.009094
0.1003,0.008453
0.1193,0.003696
0.2793,0.06726
0.06616,0.009415
0.08582,0.006638
0.0708,0.01405
0.08411,0.01372
0.08508,0.01051
0.06616,0.008789
0.1843,0.03012
0.0603,0.006699
0.07312,0.008942
0.06238,0.008911
0.09033,0.009842
0.1035,0.009125
0.06384,0.008926
0.05933,0.001833
0.156,0.04071
0.189,0.0329
0.0918,0.008606
0.06885,0.01346
0.08362,0.01074
0.1284,0.01001
0.0968,0.009354
0.06628,0.008942
0.06201,0.006439
0.06299,0.008224
0.1667,0.05396
0.06183,0.06689
0.09839,0.01181
0.08508,0.03357
0.08081,0.009232
0.05927,0.009491
0.08142,0.008209
0.09595,0.008133
0.05054,0.001389
0.1777,0.02356
0.1165,0.001652
0.03235,0.01244
0.1333,0.00914
0.08887,0.01456
0.0647,0.0152
0.034,0.01025
0.1034,0.009109
0.07556,0.008133
0.0824,0.008514
0.02286,0.006615
0.1084,0.008896
0.06073,0.00972
0.1088,0.00383
0.1223,0.003834
0.0103,3.29E-4
0.1034,0.009201
0.1219,0.007195
0.08435,0.008698
0.07275,0.01033
0.08472,0.009674
0.06689,0.009979
0.1055,0.009033
0.07031,0.008743
0.07605,0.008316
0.02191,8.202E-5
0.1277,0.06421
0.1287,0.06689
0.4731,0.06812
0.4487,0.06775
0.1743,0.02377
0.08923,0.008163
0.06946,0.01086
0.08142,0.007042
0.06934,0.01064
0.07629,0.01321
0.0719,0.01555
0.121,0.02371
0.1306,0.01338
0.06073,0.006065
0.0675,0.008713
0.05804,0.008133
0.2366,0.006584
0.07617,0.06665
0.09827,0.001345
3.052E-5,2.575E-5
0.2271,0.01898
0.07336,0.008942
0.07275,0.008789
0.09009,0.007698
0.1062,0.009033
0.124,0.004028
0.1719,0.06097
0.1372,0.06714
0.005783,1.688E-4
0.1738,0.01379
0.05322,0.00972
0.08496,0.009186
0.1213,0.01495
0.08997,0.007729
0.0769,0.01085
0.1458,0.008575
0.08093,0.01239
0.05975,0.006828
0.009979,0.008362
0.08752,0.008453
0.07458,0.009201
0.05829,0.008636
0.11,0.02823
0.06165,0.006508
0.09106,0.008469
0.05981,0.008423
0.05829,0.00798
0.06152,0.00795
0.05853,0.008575
0.127,0.003761
0.2214,0.06567
0.1274,0.06738
0.006737,4.797E-4
0.3994,0.01155
0.1274,0.001312
0.1234,0.007042
0.07068,0.01054
0.0929,0.008957
0.1141,0.01189
0.06335,0.006447
0.0213,0.001213
0.08984,0.009003
0.06232,0.008331
0.02203,2.356E-4
0.09314,0.00396
0.177,0.001102
0.09863,0.01076
0.1248,0.003803
0.127,0.007179
0.1104,0.0135
0.08411,0.0173
0.08264,0.0119
0.02444,0.007095
0.05078,0.06531
0.052,0.06726
0.1174,0.008957
0.1018,0.01341
0.06921,0.009247
0.08215,0.007301
0.07544,0.01074
0.05902,0.009857
0.1746,0.02261
0.3193,0.01003
0.06628,0.01057
0.073,0.01456
0.145,0.0365
0.02536,1.287E-4
0.0625,0.002361
0.07825,0.06689
0.3804,0.06519
0.09424,0.009216
0.1287,0.009048
0.146,0.007744
0.1277,0.01352
0.137,0.007492
0.07642,0.0103
0.073,0.008789
0.1592,0.03912
0.06006,0.006119
0.06018,0.008286
0.136,0.008881
0.108,0.009308
0.09888,0.008545
0.2092,0.06604
0.187,0.06702
0.1241,0.001816
0.1028,0.01466
0.09766,0.0195
0.08008,0.01259
0.07715,0.01642
0.08032,0.01088
0.09656,0.01402
0.1033,0.05231
0.09875,0.005928
0.06232,0.006439
0.005943,0.007088
0.06201,0.008469
0.03894,0.001654
0.1565,0.06641
0.08777,0.007523
0.0556,0.009109
0.1229,0.009125
0.1267,0.009384
0.06763,0.008682
0.06311,0.006279
0.02084,0.007294
0.073,0.008728
0.06335,0.00779
0.009048,0.002907
0.006584,2.575E-5
0.01094,2.003E-5
0.009613,2.956E-5
0.009613,3.338E-5
0.1238,0.011
0.08691,0.01262
0.08923,0.01009
0.06995,0.01137
0.05969,0.00824
0.0625,0.008255
0.147,0.009247
0.00152,3.624E-5
0.04114,4.673E-5
0.00214,4.387E-5
0.00248,2.67E-5
0.4766,0.06738
0.1572,0.02359
0.0835,0.01611
0.09204,0.009857
0.1035,0.01167
0.07312,0.009918
0.1255,0.009338
0.08569,0.009613
0.06702,0.009903
0.05481,0.006546
0.09131,0.008743
0.06335,0.009201
0.0824,0.008423
0.07776,0.009232
0.09082,0.006813
0.06921,0.01122
0.1144,0.01059
0.08008,0.01956
0.1404,0.03656
0.06116,0.006126
0.03033,0.008087
0.04431,0.00705
0.06335,0.003914
0.1172,0.05682
0.1448,0.02304
0.2607,0.004822
0.08191,0.01366
0.0791,0.0101
0.118,0.01289
0.09729,0.009491
0.07495,0.01361
0.1241,0.01033
0.08752,0.01128
0.0907,0.008499
0.1294,0.009033
0.1016,0.06128
0.1357,0.0611
0.168,0.01947
0.126,0.0112
0.06995,0.01369
0.1321,0.01431
0.07275,0.00618
0.06049,0.006088
0.09045,0.008911
0.09985,0.008957
0.06134,0.008896
0.06055,0.00882
0.06641,0.008301
0.06158,0.008331
0.2183,0.003109
0.2119,0.05774
0.1055,0.06653
0.1575,0.06738
0.4746,0.06738
0.1335,0.009338
0.09619,0.00766
0.07068,0.009216
0.08948,0.009109
0.09058,0.01028
0.1202,0.009491
0.07324,0.01039
