0.2051,0.06122
0.207,0.06592
0.1711,0.06323
0.1051,0.06726
0.1746,0.06396
0.08789,0.05499
0.07092,0.06421
0.1875,0.06653
0.2463,0.06445
0.04297,0.01691
0.1914,0.06219
0.2283,0.06567
0.1211,0.06396
0.09106,0.05536
0.1519,0.06628
0.1409,0.06714
0.05658,0.01855
0.1511,0.06567
0.0166,0.02078
0.3301,0.06726
0.09595,0.06665
0.1934,0.06702
0.01123,0.01929
0.1511,0.06024
0.2036,0.06604
0.01562,0.02454
0.1387,0.06384
0.1074,0.06653
0.1633,0.06689
0.1328,0.06702
0.3872,0.06689
0.137,0.06616
0.1104,0.06421
0.1328,0.05438
0.03906,0.06677
0.2097,0.06653
0.2078,0.06775
0.2241,0.06726
0.2244,0.02853
0.04749,0.01216
0.1504,0.0658
0.04242,0.02621
0.05865,0.02039
0.1775,0.06738
0.2034,0.05719
0.1465,0.06116
0.186,0.06714
0.1616,0.06555
0.1282,0.0495
0.1562,0.0647
0.2402,0.06104
0.3369,0.06677
0.1785,0.06775
0.03394,0.02283
0.105,0.02737
0.1237,0.06567
0.1489,0.06128
0.1772,0.06372
0.02158,0.01688
0.1158,0.06183
0.1985,0.06
0.03143,0.02274
0.2075,0.05524
0.1536,0.05988
0.1816,0.05286
0.1953,0.06555
0.1433,0.0675
0.2151,0.06213
0.04749,0.01736
0.116,0.06421
0.1448,0.06763
0.1675,0.06555
0.1118,0.06506
0.2173,0.05762
0.1025,0.02612
0.2322,0.0658
0.3647,0.06506
0.01828,0.02213
0.1921,0.06628
0.08618,0.05975
0.1709,0.06763
0.1702,0.0675
0.1948,0.06189
0.1475,0.02237
0.1531,0.06689
0.1301,0.0636
0.2168,0.06506
0.1443,0.0592
0.0166,0.01782
0.02264,0.02393
0.2261,0.06372
0.1562,0.06653
0.1423,0.06714
0.1501,0.06506
0.1682,0.06714
0.01465,0.02335
0.1851,0.06061
0.1873,0.0647
0.1653,0.06641
0.1338,0.06628
0.2107,0.06677
0.1299,0.02689
0.1985,0.06714
0.1997,0.06641
0.1724,0.06702
0.01193,0.01584
0.1206,0.06024
0.1934,0.05853
0.1836,0.06641
0.1274,0.05774
0.1621,0.06738
0.1309,0.06677
0.2029,0.06531
0.1404,0.05444
0.1313,0.06689
0.05786,0.01749
0.218,0.0658
0.1836,0.06396
0.01581,0.02136
0.2214,0.06628
0.2715,0.06323
0.1638,0.06238
0.101,0.06641
0.2383,0.06458
0.09229,0.05896
0.1406,0.06177
0.1401,0.04901
0.209,0.06726
0.1177,0.06726
0.126,0.06702
0.165,0.0658
0.1541,0.06689
0.3491,0.0675
0.1638,0.06409
0.008484,0.01379
0.01419,0.01512
0.1367,0.05945
0.1487,0.06628
0.3438,0.06726
0.09314,0.05048
0.01318,0.01981
0.1475,0.05896
0.1088,0.06519
0.02051,0.02078
0.1753,0.06738
0.2427,0.06519
0.2419,0.02524
0.009338,0.01457
0.165,0.06055
0.1863,0.06146
0.01416,0.01917
0.01562,0.02045
0.1655,0.06042
0.1462,0.06482
0.06836,0.02808
0.1284,0.06714
0.01331,0.01401
0.08105,0.06628
0.1465,0.06421
0.1504,0.06677
0.1139,0.06122
0.1063,0.06567
0.1277,0.06763
0.1504,0.06677
0.1592,0.06726
0.1802,0.06812
0.01172,0.01608
0.166,0.06567
0.1682,0.06384
0.1001,0.06689
0.1328,0.06287
0.1445,0.02695
0.1433,0.06641
0.1707,0.0675
0.1924,0.06714
0.1736,0.06665
0.007774,0.01709
0.2078,0.06763
0.2153,0.06433
0.1035,0.06183
0.01392,0.01846
0.07581,0.06689
0.2603,0.06665
0.1501,0.06494
0.2053,0.06055
0.1528,0.05536
0.2041,0.06409
0.1031,0.04327
0.01051,0.0202
0.1541,0.06653
0.2073,0.06702
0.07593,0.06714
0.1836,0.06506
0.1105,0.06567
0.157,0.06494
0.1863,0.06482
0.2058,0.06207
0.3145,0.06726
0.1265,0.05615
0.1331,0.06702
0.1533,0.06506
0.01221,0.01636
0.1577,0.06738
0.1943,0.05743
0.0235,0.03204
0.127,0.06372
0.03754,0.01688
0.1467,0.06604
0.1541,0.06616
0.1519,0.05743
0.1743,0.06787
0.1416,0.06079
0.109,0.05273
0.008713,0.01289
0.1743,0.06726
0.1289,0.06396
0.2063,0.05133
0.07593,0.03937
0.1689,0.0675
0.166,0.06653
0.1318,0.06409
0.1875,0.06641
0.1294,0.06677
0.09985,0.06567
0.01553,0.01521
0.1794,0.06128
0.03345,0.01733
0.1132,0.06055
0.1462,0.06311
0.1631,0.05359
0.1152,0.05609
0.123,0.06628
0.1575,0.06543
0.3242,0.06653
0.01562,0.02487
0.1151,0.05829
0.29,0.06677
0.03363,0.02142
0.109,0.05353
0.1833,0.0614
0.09961,0.06543
0.1846,0.06226
0.1582,0.05438
0.2715,0.06653
0.02042,0.01743
0.1199,0.06702
0.1055,0.02115
0.1936,0.06714
0.1589,0.0553
0.1163,0.06665
0.1367,0.06567
0.01355,0.01152
0.1594,0.06384
0.1267,0.06653
0.2139,0.06726
0.04865,0.02219
0.02454,0.02252
0.2205,0.06641
0.0188,0.01971
0.2366,0.04596
0.09729,0.0603
0.1406,0.05042
0.373,0.06628
0.04913,0.02115
0.1726,0.05383
0.2515,0.06726
0.09021,0.06531
0.02441,0.02292
0.1641,0.06604
0.07678,0.03357
0.06085,0.02304
0.1738,0.06519
0.1177,0.06567
0.2466,0.06335
0.09375,0.06
0.123,0.06244
0.09302,0.06396
0.2295,0.05267
0.1721,0.06677
0.1995,0.0658
0.1301,0.06726
0.2471,0.06677
0.08948,0.06482
0.1309,0.06445
0.08044,0.02417
0.209,0.06628
0.1963,0.06714
0.1821,0.06628
