1,6
1,9
1,10
1,9
1,7
1,8
1,10
1,7
1,10
1,8
1,8
1,7
1,8
1,8
1,9
1,13
1,9
1,9
1,9
1,7
1,6
1,7
1,8
1,13
1,9
1,9
1,13
1,11
1,9
1,8
1,9
1,11
1,8
1,7
1,10
1,7
1,8
1,7
1,9
1,8
1,7
1,7
1,8
1,7
1,10
1,8
1,10
1,9
1,7
1,9
1,7
1,7
1,8
1,10
1,9
1,9
1,6
1,8
1,10
1,8
1,14
1,7
1,10
1,9
1,7
1,9
1,7
1,9
1,8
1,9
1,9
1,7
1,9
1,6
1,9
1,8
1,10
1,7
1,11
1,8
1,23
1,8
1,8
1,7
1,7
1,10
1,8
1,12
1,7
1,7
1,6
1,7
1,10
1,10
1,11
1,8
1,9
1,7
1,7
1,9
1,5
1,5
1,6
1,5
1,5
1,6
1,5
1,5
1,3
2,6
1,3
1,4
2,6
2,6
1,4
1,5
1,5
1,5
1,1
1,3
1,2
1,3
1,2
1,2
1,3
1,1
1,2
1,4
1,1
1,2
1,1
1,8
1,3
1,1
1,2
1,1
1,3
1,5
1,1
6,20
6,18
5,14
5,25
6,7
5,18
5,18
6,21
5,12
6,37
5,18
5,25
6,25
5,37
6,12
5,25
6,28
5,12
6,12
6,25
6,18
5,21
6,26
6,50
6,25
6,18
5,20
5,21
5,37
6,18
5,12
6,20
5,6
6,25
6,18
6,24
5,12
6,12
6,15
6,18
5,18
5,25
5,12
5,12
6,15
6,25
5,12
6,18
5,28
5,16
5,25
6,12
6,21
5,12
6,18
5,12
5,21
6,18
5,25
5,25
5,18
5,13
6,18
5,12
5,12
6,6
5,27
6,25
5,6
5,18
5,12
1,8
1,2
5,34
5,43
4,51
6,38
7,36
7,38
3,35
3,32
6,37
5,46
3,39
5,46
7,54
7,34
8,50
5,40
7,35
8,41
7,42
7,52
5,43
7,35
5,37
6,39
6,37
5,106
6,40
6,38
5,44
5,43
8,37
4,63
4,38
6,37
4,38
7,42
4,39
6,42
5,36
3,40
3,45
3,40
6,36
7,41
7,39
8,35
7,43
7,35
7,32
3,39
7,40
7,41
7,35
6,50
7,38
8,44
7,37
6,38
5,44
3,36
7,43
5,39
7,33
7,41
6,39
7,43
6,40
7,40
7,39
7,36
6,42
7,37
6,39
6,38
5,40
6,42
