0.05054,0.001238
0.05115,0.001104
0.03888,0.001225
0.02768,0.001133
0.03906,0.001114
0.04926,0.001274
0.05737,0.001509
0.03802,0.001326
0.03223,0.001144
0.0274,0.001371
0.03162,0.001253
0.03058,0.001236
0.03046,0.001051
0.02765,0.001104
0.03333,0.001133
0.02579,0.001385
0.03247,9.956E-4
0.03503,0.001431
0.03375,0.001171
0.04053,0.001341
0.03815,0.001266
0.04834,0.001177
0.03497,0.001198
0.02267,0.001083
0.03571,0.001101
0.04797,0.001232
0.05981,0.00132
0.02682,0.001366
0.02625,0.001247
0.04126,0.001295
0.02533,0.001116
0.03998,0.001179
0.03076,0.001238
0.03418,0.001165
0.04138,0.001249
0.06024,0.001066
0.02832,0.001139
0.04907,0.001394
0.03766,0.00124
0.02829,0.001284
0.0304,0.001339
0.0481,0.001188
0.04132,0.001339
0.0517,0.001219
0.02716,0.001226
0.04163,0.001301
0.02686,0.001253
0.05945,0.001228
0.02533,9.48E-4
0.03009,0.001339
0.05438,0.00145
0.0267,0.001223
0.03082,0.001396
0.04871,0.001169
0.02164,0.001354
0.03473,0.001225
0.03485,0.001192
0.06183,0.001453
0.03925,0.001173
0.03571,0.001143
0.02457,0.001221
0.03131,0.001152
0.01691,0.001163
3.214E-4,8.03E-4
0.001202,4.196E-4
6.294E-4,4.635E-4
7.172E-4,4.74E-4
7.868E-4,4.597E-4
0.003479,4.635E-4
0.003136,4.644E-4
8.23E-4,4.635E-4
9.184E-4,4.625E-4
7.906E-4,4.644E-4
0.001015,4.625E-4
7.401E-4,4.663E-4
5.722E-4,4.673E-4
7.935E-4,4.654E-4
9.718E-4,4.644E-4
0.002468,4.635E-4
7.515E-4,4.644E-4
0.00304,4.663E-4
0.001539,4.625E-4
0.001318,4.635E-4
9.995E-4,4.663E-4
0.001245,4.644E-4
0.001217,4.663E-4
0.001263,4.663E-4
9.842E-4,4.644E-4
0.002037,4.559E-4
0.001019,4.749E-4
6.924E-4,4.644E-4
7.582E-4,4.644E-4
5.341E-4,4.673E-4
0.001011,4.654E-4
8.907E-4,4.644E-4
0.001341,4.654E-4
6.647E-4,4.663E-4
0.001318,4.625E-4
5.159E-4,4.549E-4
6.866E-4,4.721E-4
5.722E-4,4.711E-4
8.097E-4,4.635E-4
7.01E-4,4.692E-4
7.315E-4,4.654E-4
7.477E-4,4.654E-4
6.485E-4,4.692E-4
6.752E-4,4.606E-4
0.003601,4.625E-4
0.00102,4.683E-4
7.191E-4,4.654E-4
8.526E-4,4.683E-4
9.432E-4,4.711E-4
8.364E-4,4.644E-4
5.951E-4,4.644E-4
0.001911,4.644E-4
8.345E-4,4.625E-4
6.828E-4,4.663E-4
9.613E-4,4.749E-4
6.628E-4,4.654E-4
8.211E-4,4.644E-4
6.17E-4,4.635E-4
6.495E-4,4.702E-4
0.001192,4.759E-4
0.001425,4.635E-4
0.001024,4.654E-4
6.208E-4,4.644E-4
0.001261,4.635E-4
8.65E-4,4.625E-4
7.095E-4,4.654E-4
0.0028,4.74E-4
5.951E-4,0.001282
8.335E-4,4.654E-4
0.001217,4.711E-4
4.883E-4,4.721E-4
0.003597,4.711E-4
5.875E-4,4.683E-4
5.226E-4,4.625E-4
8.259E-4,4.625E-4
7.305E-4,4.644E-4
6.523E-4,4.635E-4
8.764E-4,4.683E-4
0.002689,4.501E-4
9.88E-4,4.673E-4
0.001024,4.625E-4
0.002831,4.635E-4
7.248E-4,4.654E-4
7.62E-4,4.644E-4
0.001011,4.635E-4
8.144E-4,4.673E-4
5.331E-4,4.625E-4
6.828E-4,4.644E-4
6.161E-4,4.635E-4
0.001263,4.625E-4
8.106E-4,4.644E-4
5.369E-4,4.635E-4
8.402E-4,4.635E-4
0.006027,4.644E-4
6.027E-4,4.625E-4
9.06E-4,4.644E-4
8.488E-4,4.721E-4
5.98E-4,4.597E-4
7.992E-4,4.644E-4
7.725E-4,4.644E-4
7.248E-4,4.606E-4
0.003803,4.644E-4
6.752E-4,4.644E-4
8.001E-4,4.616E-4
0.003014,4.654E-4
0.001217,4.644E-4
8.049E-4,4.644E-4
5.856E-4,4.663E-4
8.965E-4,4.644E-4
6.714E-4,4.635E-4
8.011E-4,4.683E-4
7.744E-4,4.625E-4
9.661E-4,4.711E-4
0.001627,4.73E-4
0.004707,4.692E-4
8.392E-4,4.721E-4
0.003326,4.683E-4
0.001196,4.74E-4
6.142E-4,4.702E-4
0.001272,4.663E-4
0.001177,4.663E-4
9.546E-4,4.692E-4
7.763E-4,4.644E-4
7.324E-4,4.654E-4
5.999E-4,4.654E-4
7.935E-4,4.663E-4
7.124E-4,4.644E-4
0.001198,4.625E-4
0.002068,4.635E-4
0.002754,4.644E-4
8.392E-4,4.663E-4
7.114E-4,4.74E-4
8.297E-4,4.635E-4
7.133E-4,4.644E-4
0.002983,4.73E-4
6.161E-4,4.702E-4
9.737E-4,4.635E-4
0.001085,4.654E-4
6.046E-4,4.606E-4
5.722E-4,4.663E-4
7.544E-4,4.625E-4
0.002739,0.004677
0.078,0.002026
0.009674,0.001083
3.223E-4,0.0462
4.539E-4,0.0462
4.025E-4,0.005402
0.002087,0.005409
6.943E-4,0.06055
3.052E-4,0.06049
3.433E-4,0.005943
4.044E-4,0.005882
5.245E-4,8.011E-4
7.42E-4,4.52E-4
0.002213,6.475E-4
5.093E-4,8.02E-4
0.001051,4.73E-4
0.2437,0.02362
0.1604,0.02402
0.3188,0.02292
0.165,0.02356
0.1609,0.02316
0.2983,0.02396
0.1677,0.02414
0.1594,0.02371
0.1455,0.02429
0.09131,0.02426
0.1399,0.0239
0.1863,0.02362
0.1543,0.02344
0.179,0.02426
0.1487,0.02359
0.05804,0.02386
0.1523,0.02426
0.1746,0.0235
0.1533,0.0235
0.1609,0.02472
0.1758,0.02429
0.1499,0.02441
0.2292,0.02237
0.2036,0.02344
0.1853,0.02267
0.2078,0.02304
0.209,0.02402
0.1904,0.0238
0.08545,0.02393
0.2271,0.0235
0.1394,0.02386
0.1602,0.02316
0.1714,0.0239
0.2014,0.02386
0.2129,0.02304
0.177,0.02344
0.1743,0.02386
0.1389,0.02377
0.1948,0.0235
0.2004,0.02414
0.1919,0.02374
0.2146,0.02484
0.217,0.02261
0.1326,0.02396
0.1873,0.02347
0.1892,0.02368
0.179,0.02313
0.21,0.02393
0.08777,0.0228
0.1821,0.02438
0.1953,0.02368
0.1638,0.02478
0.1077,0.02365
0.2002,0.02277
0.2681,0.02432
0.1758,0.02417
0.2156,0.02325
0.1995,0.0238
0.229,0.02396
0.1565,0.02298
0.3267,0.02374
0.08777,0.02322
0.1282,0.02322
0.1163,0.02359
0.08582,0.02386
0.1012,0.02298
0.1826,0.02298
0.2139,0.02338
