0.3936,0.06873
0.1887,0.07031
0.2549,0.06995
0.3374,0.06946
0.252,0.07129
0.2773,0.07178
0.238,0.07019
0.2568,0.06445
0.1743,0.06946
0.2253,0.07019
0.1763,0.06702
0.217,0.06958
0.4448,0.07019
0.2439,0.07117
0.3281,0.07092
0.2151,0.06726
0.2053,0.06763
0.4614,0.07288
0.155,0.06592
0.3403,0.07117
0.2637,0.07007
0.3115,0.0697
0.3159,0.06885
0.2214,0.07043
0.4536,0.06897
0.2439,0.06995
0.2385,0.07092
0.1797,0.06909
0.3267,0.06934
0.2078,0.07031
0.4663,0.06897
0.2583,0.06934
0.1792,0.06641
0.376,0.07068
0.3711,0.0719
0.3872,0.07153
0.2178,0.06921
0.2375,0.06873
0.2239,0.06604
0.1978,0.06958
0.2661,0.06982
0.2312,0.07007
0.2529,0.0708
0.3442,0.07056
0.3643,0.06873
0.4253,0.07104
0.3379,0.07043
0.2051,0.06995
0.2407,0.0719
0.2375,0.06982
0.1919,0.06641
0.1606,0.06873
0.2852,0.06982
0.2034,0.06763
0.2598,0.0697
0.2168,0.06824
0.2437,0.07056
0.5635,0.07397
0.584,0.0752
0.3071,0.06921
0.3252,0.06812
0.2104,0.06787
0.2119,0.06946
0.2808,0.07056
0.4541,0.0697
0.21,0.06384
0.2451,0.0719
0.4653,0.07031
0.2817,0.0697
0.3184,0.06995
0.2651,0.07239
0.2017,0.06934
0.2832,0.0697
0.2539,0.06995
0.3306,0.06934
0.2344,0.07092
0.2363,0.06958
0.2473,0.06885
0.1985,0.07056
0.1794,0.06934
0.3584,0.07019
0.3193,0.06946
0.166,0.07019
0.3687,0.07312
0.1465,0.06934
0.3599,0.07239
0.3096,0.06897
0.2434,0.07068
0.2705,0.07178
0.2524,0.07251
0.5781,0.06665
0.4131,0.06897
0.2476,0.07068
0.1855,0.0697
0.2812,0.06934
0.2009,0.07007
0.21,0.06897
0.3594,0.0708
0.1414,0.07043
0.2061,0.06665
0.135,0.06616
0.3232,0.06885
0.2847,0.06812
0.2212,0.07031
0.3804,0.06409
0.2139,0.07239
0.3286,0.06995
0.1436,0.07007
0.2458,0.07043
0.1868,0.06995
0.3081,0.07019
0.3174,0.07019
0.2214,0.07031
0.2151,0.06934
0.1733,0.06909
0.2102,0.06921
0.3096,0.07031
0.2505,0.07361
0.1936,0.06934
0.2485,0.07007
0.5811,0.06628
0.1482,0.0697
0.3945,0.0697
0.2783,0.07104
0.2075,0.07007
0.2317,0.07007
0.2661,0.0697
0.2622,0.06934
0.2798,0.06934
0.2549,0.07166
0.1611,0.0686
0.2209,0.07104
0.2529,0.07129
0.1921,0.06921
0.2285,0.06946
0.2715,0.06775
0.3652,0.06812
0.2146,0.07043
0.2476,0.0697
0.1558,0.07007
0.3833,0.06946
0.2373,0.07019
0.1326,0.06958
0.1902,0.06958
0.1992,0.07056
0.2419,0.0675
0.1912,0.06714
0.2012,0.06653
0.2371,0.07007
0.2427,0.0603
0.2131,0.06726
0.198,0.06897
0.2817,0.07141
0.2886,0.07019
0.2297,0.06799
0.3145,0.06982
0.1899,0.06946
0.334,0.07068
0.3496,0.06909
0.2249,0.07019
0.2144,0.06897
0.3457,0.06714
0.2578,0.06775
0.1331,0.06946
0.2146,0.06946
0.1968,0.07178
0.135,0.06873
0.2402,0.06897
0.189,0.0708
0.218,0.0647
0.2136,0.07056
0.2607,0.07043
0.2842,0.07031
0.2642,0.06995
0.2217,0.07153
0.2336,0.06995
0.2446,0.07056
0.197,0.07019
0.1907,0.06958
0.1919,0.06934
0.1965,0.07031
0.2356,0.07019
0.1836,0.07031
0.239,0.06458
0.2563,0.07056
0.2485,0.07129
0.3203,0.07043
0.3462,0.06885
0.1387,0.06958
0.2434,0.06958
0.1917,0.07104
0.2637,0.06982
0.2842,0.07129
0.1821,0.06982
0.2695,0.0708
0.3955,0.07117
0.3394,0.07031
0.2988,0.06934
0.2153,0.07202
0.2129,0.07263
0.2988,0.06946
0.2363,0.07288
0.1987,0.06348
0.1455,0.06921
0.2197,0.07104
0.1514,0.06934
0.332,0.06665
0.397,0.06958
0.3198,0.06909
0.3442,0.06787
0.2827,0.06934
0.1965,0.07251
0.2131,0.06775
0.2051,0.07056
0.2427,0.06812
0.2368,0.07043
0.1667,0.06934
0.2529,0.06799
0.2129,0.07141
0.1316,0.06909
0.2437,0.06787
0.2207,0.06738
0.2603,0.06946
0.2773,0.06787
0.2622,0.0697
0.3242,0.07251
0.3447,0.07312
0.2627,0.07056
0.2305,0.06897
0.3203,0.04834
0.2148,0.07092
0.2588,0.06763
0.2607,0.07007
0.3149,0.0708
0.2092,0.06897
0.2468,0.07056
0.2676,0.07019
0.2266,0.06714
0.2349,0.06873
0.2244,0.06982
0.2439,0.06921
0.1721,0.06787
0.2292,0.07227
0.2998,0.06873
0.2327,0.0708
0.2166,0.0697
0.3267,0.06763
0.4077,0.06982
0.2273,0.06934
0.3242,0.07214
0.3599,0.06616
0.3755,0.06421
0.208,0.06934
0.1956,0.07117
0.2886,0.0697
0.2156,0.06689
0.3057,0.06995
0.2424,0.06897
0.2778,0.07019
0.2048,0.06934
0.3115,0.0708
0.1875,0.07117
0.2568,0.06958
0.1326,0.06958
0.459,0.06982
0.2627,0.07117
0.2258,0.07227
0.2183,0.07007
0.3164,0.07056
0.1848,0.06995
0.2249,0.06995
0.2822,0.06982
0.1973,0.07031
0.3633,0.06824
0.1965,0.07056
0.4092,0.06995
0.2407,0.07092
0.1262,0.06995
0.228,0.07031
0.2358,0.06934
0.2373,0.0697
0.2217,0.06958
0.2568,0.07043
0.2729,0.06836
0.2583,0.06934
0.1636,0.07092
0.1738,0.0708
0.3301,0.06934
