0.01128,0.01227
0.1848,0.06616
0.1055,0.06702
0.1055,0.02786
0.02145,0.01996
0.1094,0.06311
0.0885,0.05725
0.269,0.06714
0.1252,0.06299
0.1877,0.06763
0.1602,0.06592
0.2112,0.06665
0.1685,0.05402
0.01953,0.02795
0.3281,0.06799
0.02417,0.01871
0.1526,0.06689
0.3032,0.06531
0.2695,0.06287
0.01151,0.02069
0.1743,0.06714
0.1851,0.05579
0.09583,0.06616
0.1484,0.06677
0.1426,0.06824
0.1812,0.06653
0.01123,0.02042
0.1545,0.05896
0.1738,0.06165
0.2109,0.06653
0.1914,0.06726
0.2383,0.06714
0.03851,0.02335
0.115,0.06628
0.2017,0.06738
0.1755,0.06775
0.1895,0.0531
0.1609,0.05493
0.127,0.06677
0.198,0.05396
0.1328,0.06641
0.1921,0.05194
0.1382,0.05975
0.1931,0.0647
0.1482,0.0578
0.1479,0.06128
0.2676,0.06799
0.1204,0.06396
0.168,0.06812
0.209,0.06677
0.2539,0.06299
0.1399,0.06628
0.179,0.06726
0.2375,0.06689
0.356,0.06738
0.1179,0.06702
0.2134,0.06287
0.1088,0.06677
0.1995,0.05988
0.2288,0.06738
0.1484,0.05927
0.1953,0.06702
0.01242,0.01143
0.207,0.06592
0.2861,0.06665
0.177,0.06592
0.2671,0.05945
0.1423,0.06482
0.09119,0.05176
0.1035,0.06219
0.1956,0.06641
0.1326,0.0675
0.07983,0.06775
0.2124,0.06653
0.1562,0.06738
0.2195,0.06506
0.1812,0.06665
0.008118,0.01443
0.4189,0.0675
0.01465,0.02032
0.1074,0.06097
0.1714,0.06567
0.1606,0.06738
0.2622,0.06677
0.01546,0.02359
0.1143,0.04871
0.1802,0.06396
0.1665,0.06665
0.06262,0.02087
0.2104,0.06421
0.1885,0.06726
0.1765,0.06653
0.2695,0.0589
0.01514,0.01801
0.05072,0.0126
0.07068,0.05371
0.2744,0.06616
0.1902,0.06726
0.1572,0.06592
0.01465,0.01703
0.1555,0.06421
0.2603,0.06616
0.1721,0.06592
0.02295,0.01785
0.05151,0.0188
0.2656,0.02225
0.189,0.06567
0.1484,0.06689
0.04858,0.01965
0.2231,0.06494
0.2793,0.06628
0.3047,0.05231
0.1382,0.02847
0.145,0.06653
0.1777,0.0636
0.1875,0.06592
0.2964,0.06726
0.1465,0.06519
0.1433,0.06091
0.199,0.06689
0.01721,0.01871
0.1655,0.06323
0.04584,0.02502
0.1858,0.05957
0.1316,0.06677
0.2778,0.06213
0.1868,0.06195
0.2153,0.05493
0.2173,0.0675
0.08984,0.0473
0.01758,0.02563
0.02383,0.02597
0.2366,0.06738
0.01865,0.022
0.03247,0.03021
0.1504,0.06567
0.1168,0.05865
0.1431,0.06592
0.231,0.06689
0.1697,0.06555
0.08813,0.06226
0.241,0.06775
0.01758,0.02136
0.3047,0.06702
0.02396,0.02087
0.1636,0.06812
0.1799,0.06738
0.1477,0.06726
0.2891,0.06274
0.1687,0.06702
0.02533,0.02072
0.04675,0.01392
0.08337,0.05414
0.1682,0.06653
0.2559,0.06592
0.2385,0.06775
0.02267,0.02783
0.1973,0.0658
0.1802,0.06348
0.1987,0.05267
0.2524,0.06555
0.1799,0.06567
0.1819,0.06616
0.1738,0.06506
0.1602,0.05835
0.2122,0.06775
0.01718,0.01724
0.1577,0.06311
0.2881,0.06543
0.1982,0.06616
0.1785,0.06763
0.1641,0.06653
0.1838,0.06567
0.2612,0.02863
0.3252,0.05615
0.09692,0.06567
0.1211,0.02707
0.1475,0.05707
0.2676,0.06421
0.209,0.05841
0.01324,0.01334
0.2207,0.06775
0.2048,0.06653
0.3325,0.06702
0.2207,0.06067
0.1973,0.06445
0.1719,0.06714
0.1882,0.06714
0.01135,0.01593
0.02368,0.01498
0.2214,0.05804
0.2266,0.0636
0.1445,0.06287
0.0896,0.06531
0.2136,0.06372
0.1917,0.06653
0.01367,0.01657
0.113,0.0296
0.1804,0.06702
0.2063,0.06323
0.1797,0.06641
0.1462,0.06689
0.1475,0.06165
0.1936,0.06061
0.1282,0.06677
0.0802,0.02393
0.1941,0.06689
0.121,0.05634
0.196,0.06689
0.1863,0.06372
0.1641,0.06836
0.127,0.06195
0.332,0.06702
0.217,0.06824
0.1724,0.06482
0.2102,0.052
0.22,0.06653
0.1914,0.06714
0.1689,0.06689
0.2312,0.06555
0.2039,0.05853
0.09827,0.06567
0.01465,0.01865
0.166,0.06738
0.2126,0.06073
0.175,0.05396
0.1704,0.06677
0.1523,0.0675
0.1521,0.06653
0.05505,0.02365
0.2012,0.06445
0.2129,0.06763
0.2034,0.06702
0.1211,0.0528
0.189,0.05731
0.2031,0.06726
0.1941,0.06024
0.1448,0.06506
0.168,0.06482
0.2217,0.06348
0.1902,0.05316
0.2058,0.06665
0.1384,0.06702
0.2251,0.05615
0.1328,0.06421
0.176,0.06714
0.04932,0.01727
0.136,0.06604
0.231,0.06238
0.1575,0.06458
0.02896,0.02536
0.01318,0.02264
0.04889,0.011
0.2651,0.06555
0.2061,0.0625
0.1584,0.06665
0.186,0.06073
0.1978,0.0675
0.168,0.06653
0.01743,0.01512
0.2236,0.06653
0.1465,0.0578
0.217,0.0675
0.1917,0.06763
0.2349,0.05994
0.05048,0.02722
0.1912,0.06519
0.1436,0.06799
0.03955,0.02206
0.01562,0.02347
0.1272,0.05225
0.1558,0.06555
0.1423,0.06555
0.1069,0.06592
0.1917,0.06055
0.2031,0.06494
0.1309,0.06384
0.1377,0.06714
0.1572,0.06372
0.1838,0.06506
0.1191,0.06311
0.1802,0.06091
0.1731,0.06702
0.1648,0.06726
0.1636,0.06299
0.2214,0.06689
0.1289,0.0517
0.1975,0.06726
