0.01599,0.01549
0.2842,0.06384
0.007202,0.02481
0.2842,0.0517
0.01172,0.01779
0.2009,0.05994
0.1541,0.0611
0.1234,0.06653
0.1219,0.06641
0.1411,0.06616
0.1313,0.06653
0.1506,0.02573
0.1489,0.06158
0.2578,0.06702
0.0166,0.0213
0.1074,0.06628
0.02921,0.01886
0.251,0.06677
0.2676,0.06787
0.2378,0.06207
0.2817,0.0647
0.1465,0.05505
0.1211,0.06506
0.2949,0.06348
0.09802,0.05432
0.09961,0.06592
0.2224,0.06238
0.02844,0.01411
0.1348,0.05426
0.01118,0.02658
0.2061,0.06665
0.1631,0.06616
0.3047,0.0647
0.1914,0.06067
0.1216,0.05719
0.269,0.06494
0.1296,0.06689
0.1489,0.06641
0.2444,0.0625
0.2451,0.0647
0.2104,0.06604
0.1448,0.017
0.1301,0.06433
0.1804,0.06689
0.1191,0.05426
0.1458,0.06665
0.1562,0.06775
0.1641,0.06714
0.1406,0.06665
0.1133,0.02948
0.1094,0.05408
0.1331,0.05939
0.5176,0.06628
0.1377,0.0589
0.2651,0.05054
0.2671,0.06445
0.1216,0.06531
0.01221,0.02405
0.1169,0.06628
0.1165,0.05487
0.1985,0.0614
0.2124,0.06702
0.02249,0.02402
0.2073,0.06104
0.1636,0.06677
0.02902,0.01935
0.2268,0.06677
0.08398,0.06421
0.09961,0.06604
0.2061,0.06714
0.1475,0.06085
0.2153,0.06592
0.06433,0.06519
0.09631,0.06702
0.2429,0.05823
0.1313,0.05591
0.3887,0.06604
0.1924,0.06689
0.08252,0.06555
0.008057,0.01691
0.2607,0.06274
0.2124,0.06604
0.2754,0.06653
0.1326,0.05518
0.1958,0.06641
0.1829,0.06726
0.05408,0.01855
0.1853,0.0658
0.02109,0.02078
0.144,0.06726
0.1431,0.06616
0.1453,0.06689
0.02136,0.01929
0.2861,0.06104
0.1019,0.06433
0.02176,0.02454
0.1292,0.0611
0.1328,0.06335
0.1205,0.06677
0.3389,0.06653
0.3242,0.06677
0.1127,0.06604
0.1387,0.06482
0.1023,0.05353
0.2095,0.06641
0.1982,0.06604
0.3384,0.06775
0.208,0.06738
0.1934,0.02771
0.01837,0.01216
0.1931,0.06616
0.01758,0.02621
0.05511,0.02039
0.176,0.06738
0.1797,0.05817
0.2051,0.06128
0.2461,0.06738
0.1582,0.06482
0.09985,0.05023
0.0752,0.06482
0.2031,0.06171
0.1714,0.06702
0.2832,0.06775
0.239,0.02386
0.1299,0.02216
0.1853,0.0658
0.1328,0.06042
0.1794,0.06506
0.009033,0.01688
0.2239,0.06207
0.2178,0.06262
0.02142,0.02274
0.1934,0.0575
0.1147,0.0611
0.126,0.05444
0.1824,0.06604
0.09949,0.06763
0.1772,0.06335
0.01465,0.01736
0.1538,0.06409
0.1606,0.06726
0.1951,0.0658
0.1777,0.0636
0.2466,0.0575
0.1045,0.02643
0.2009,0.06616
0.3062,0.06494
0.03784,0.02213
0.239,0.06555
0.2083,0.06183
0.3149,0.0675
0.2661,0.0675
0.252,0.06244
0.1614,0.02359
0.1548,0.06641
0.1016,0.06262
0.1772,0.06445
0.1873,0.05878
0.01562,0.01782
0.01454,0.02393
0.2505,0.06323
0.1704,0.06641
0.1638,0.06702
0.1357,0.06519
0.1917,0.06714
0.0127,0.02335
0.2092,0.06152
0.1685,0.06604
0.1093,0.06641
0.1672,0.06519
0.2339,0.06689
0.134,0.02734
0.1968,0.06714
0.1123,0.06531
0.1667,0.06726
0.008728,0.01584
0.123,0.06116
0.187,0.05914
0.155,0.06628
0.1504,0.06006
0.2244,0.0675
0.1284,0.06689
0.1458,0.06531
0.136,0.05591
0.2324,0.0675
0.05603,0.01749
0.209,0.0658
0.209,0.06409
0.02411,0.02136
0.2021,0.06628
0.1953,0.0636
0.1589,0.06421
0.1858,0.06689
0.2339,0.06628
0.1428,0.0564
0.09302,0.06409
0.1409,0.04907
0.1301,0.06702
0.175,0.06726
0.2458,0.06702
0.2686,0.06445
0.1875,0.06714
0.3394,0.06763
0.1687,0.06299
0.009277,0.01379
0.01025,0.01514
0.1938,0.06036
0.1946,0.06689
0.2244,0.06763
0.03827,0.05109
0.01367,0.01981
0.2041,0.06012
0.1697,0.06665
0.02051,0.02078
0.1787,0.06738
0.2168,0.06555
0.1414,0.02182
0.007088,0.01457
0.2102,0.05975
0.1995,0.06079
0.02261,0.01917
0.03204,0.02045
0.1465,0.05945
0.2063,0.06152
0.09241,0.02939
0.24,0.06714
0.01038,0.01402
0.228,0.06702
0.2471,0.06445
0.2307,0.06702
0.145,0.06104
0.2371,0.0658
0.1426,0.06738
0.1978,0.06689
0.1389,0.06714
0.1875,0.06775
0.01013,0.01608
0.1516,0.0675
0.1748,0.06213
0.1841,0.06689
0.1423,0.06506
0.1943,0.02768
0.1335,0.06641
0.2375,0.06763
0.2429,0.06702
0.1711,0.06665
0.02603,0.01709
0.1602,0.06738
0.1621,0.06482
0.2183,0.06171
0.01767,0.01846
0.1005,0.06689
0.2029,0.06653
0.1328,0.0658
0.123,0.0614
0.1575,0.05579
0.1404,0.06494
0.1058,0.04633
0.04761,0.0202
0.1838,0.06714
0.2051,0.06726
0.1318,0.06714
0.1526,0.06494
0.1746,0.0675
0.1105,0.06543
0.2251,0.06567
0.2009,0.0636
0.1926,0.06677
0.1165,0.0567
0.147,0.06702
0.2661,0.06445
0.02319,0.01636
0.1631,0.06726
0.1833,0.0567
0.02838,0.03204
0.2051,0.06384
0.02301,0.01688
0.2012,0.06567
0.1785,0.0647
0.123,0.05811
0.186,0.06763
0.1248,0.06024
0.0318,0.05054
0.01309,0.01288
0.175,0.06726
0.1646,0.06543
0.1794,0.05292
0.1091,0.04364
