0.03619,0.001223
0.02701,0.001198
0.03583,0.001057
0.03619,0.001177
0.0423,0.002071
0.03613,0.00123
0.03619,0.001709
0.02957,9.68E-4
0.03003,0.001051
0.03967,0.001041
0.02982,0.001089
0.03632,0.00115
0.03973,0.001244
0.03699,9.642E-4
0.03589,0.001186
0.04504,0.001781
0.03967,0.001024
0.03223,0.001005
0.02811,0.001099
0.03552,9.317E-4
0.02838,0.001245
0.03314,0.001078
0.04352,0.00119
0.03906,0.001253
0.03906,0.00108
0.03589,0.002716
0.03046,0.001068
0.03284,0.001036
0.04932,0.002979
0.135,0.001036
0.03619,9.727E-4
0.03625,0.001772
0.2769,0.0484
0.1804,0.03528
0.3745,0.03625
0.1882,0.03979
0.2451,0.03479
0.2053,0.04938
0.2385,0.04413
0.2949,0.03033
0.2188,0.03851
0.2151,0.04425
0.314,0.04541
0.2563,0.04053
0.3418,0.02411
0.269,0.02942
0.2239,0.04761
0.2283,0.0307
0.1465,0.04742
0.2759,0.0426
0.198,0.02795
0.2456,0.03998
0.177,0.02686
0.2554,0.02817
0.1831,0.02768
0.3643,0.02365
0.23,0.03998
0.2346,0.02539
0.2788,0.03271
0.2217,0.03314
0.2959,0.04559
0.3838,0.04309
0.25,0.02991
0.1997,0.02658
0.1743,0.03857
0.2148,0.0423
0.1619,0.02933
0.2788,0.02866
0.249,0.02274
0.1843,0.03467
0.1841,0.02136
0.2598,0.04553
0.2285,0.02002
0.2573,0.02548
0.2017,0.04492
0.1694,0.03363
0.2593,0.02411
0.2856,0.03375
0.4619,0.03113
0.2061,0.0473
0.2979,0.02084
0.2598,0.0462
0.354,0.03613
0.2454,0.02921
0.4038,0.03265
0.3579,0.02847
0.1919,0.03085
0.3271,0.03564
0.1677,0.02469
0.2607,0.04279
0.1941,0.01642
0.3438,0.02255
0.3867,0.04327
0.2505,0.03827
0.4023,0.0274
0.3003,0.03143
0.2332,0.04443
0.2458,0.02008
0.1733,0.0184
0.1929,0.02673
0.2163,0.02725
0.2749,0.04376
0.2773,0.03302
0.188,0.0412
0.291,0.02277
0.2656,0.04218
0.3643,0.03595
0.1978,0.01791
0.2744,0.04712
0.2856,0.02493
0.1858,0.02383
0.2959,0.03558
0.2073,0.04755
0.3496,0.04498
0.3916,0.04919
0.3862,0.02515
0.2959,0.0448
0.2363,0.03564
0.2158,0.04846
0.2866,0.04932
0.1963,0.02295
0.292,0.0481
0.2053,0.02246
0.2488,0.04474
0.2109,0.0329
0.2627,0.02252
0.1956,0.02945
0.2856,0.04846
0.2039,0.01468
0.3115,0.03461
0.3325,0.03638
0.1926,0.03906
0.2607,0.02463
0.2744,0.02417
0.1921,0.04071
0.3535,0.03049
0.1694,0.04413
0.2329,0.04321
0.2048,0.02173
0.2876,0.02814
0.3306,0.02582
0.2549,0.03784
0.4019,0.0387
0.1802,0.01901
0.2114,0.03589
0.3008,0.01538
0.2419,0.02545
0.238,0.02783
0.1926,0.04456
0.2478,0.0376
0.2593,0.02539
0.3052,0.02502
0.3398,0.04614
0.2983,0.04401
0.292,0.03522
0.1863,0.04865
0.2759,0.0473
0.4194,0.02557
0.2412,0.02985
0.3076,0.04529
0.4648,0.026
0.2097,0.04291
0.4287,0.04095
0.2588,0.02722
0.2275,0.039
0.3403,0.03156
0.1992,0.04108
0.2007,0.03448
0.1675,0.0321
0.3105,0.03534
0.3257,0.03143
0.1938,0.03857
0.2642,0.04315
0.2646,0.04736
0.1982,0.04761
0.2959,0.04364
0.3379,0.02271
0.2856,0.02713
0.4033,0.03723
0.2529,0.01849
0.2559,0.04022
0.1904,0.04785
0.2676,0.02576
0.2468,0.02029
0.29,0.04376
0.2114,0.03534
0.1833,0.04913
0.2065,0.03827
0.2183,0.04749
0.2573,0.04205
0.2065,0.01801
0.3247,0.03955
0.228,0.03882
0.2385,0.02576
0.2312,0.0448
0.251,0.02945
0.2861,0.02344
0.2593,0.04529
0.2534,0.04346
0.3149,0.01944
0.1582,0.03436
0.217,0.0343
0.3511,0.04785
0.1567,0.03979
0.2554,0.0264
0.2344,0.02133
0.2515,0.01907
0.23,0.02234
0.2871,0.01657
0.2334,0.03601
0.2769,0.04639
0.2188,0.02298
0.2341,0.02652
0.4453,0.0426
0.2622,0.04071
0.1663,0.02057
0.2346,0.03888
0.3936,0.03973
0.2253,0.04407
0.2334,0.02704
0.3462,0.03085
0.2139,0.02536
0.3857,0.03961
0.1758,0.04395
0.2812,0.04883
0.3062,0.04962
0.2275,0.03363
0.1855,0.04236
0.1792,0.03162
0.2178,0.04016
0.2058,0.04395
0.1887,0.02759
0.2446,0.04822
0.2563,0.03723
0.333,0.03717
0.2163,0.03302
0.2424,0.02438
0.3584,0.01971
0.2812,0.01712
0.2109,0.04767
0.2239,0.02811
0.1904,0.02734
0.2534,0.04785
0.2603,0.04266
0.207,0.04761
0.2993,0.04163
0.2422,0.03003
0.1978,0.03839
0.2434,0.03174
0.2935,0.04608
0.2856,0.03967
0.418,0.0387
0.2549,0.04016
0.2695,0.02109
0.2395,0.02475
0.2446,0.02551
0.2998,0.04034
0.2073,0.02615
0.2029,0.0434
0.1689,0.04504
0.2383,0.04559
0.1985,0.01917
0.2881,0.04816
0.2126,0.02606
0.1519,0.03024
0.2107,0.02234
0.2749,0.0282
0.3105,0.02902
0.1643,0.04028
0.2371,0.04926
0.2983,0.04346
0.2705,0.02817
0.2344,0.03113
0.2407,0.02515
0.2764,0.03619
0.2681,0.04828
0.208,0.01157
0.1141,0.009567
0.1826,0.01021
0.09094,0.013
0.111,0.01889
0.1702,0.01561
0.1423,0.02304
0.1467,0.009979
0.1212,0.01283
0.3662,0.01242
0.0946,0.02426
0.1136,0.02231
