0.1919,0.02765
0.1301,0.02756
0.1714,0.02814
0.09766,0.02713
0.08594,0.02747
0.1016,0.02686
0.1785,0.02805
0.1824,0.02795
0.08252,0.02737
0.2031,0.02838
0.08862,0.02768
0.07617,0.02762
0.08521,0.02765
0.1338,0.02798
0.1562,0.02817
0.07471,0.02744
0.09961,0.02747
0.0874,0.02701
0.07983,0.02744
0.05469,0.02728
0.113,0.02814
0.1484,0.02737
0.1013,0.02747
0.1665,0.02774
0.1284,0.02786
0.09692,0.02728
0.08728,0.02725
0.1091,0.02762
0.0946,0.02734
0.06042,0.02716
0.0968,0.02744
0.3013,0.02805
0.099,0.02679
0.08191,0.02707
0.1599,0.02753
0.1348,0.02771
0.0686,0.0271
0.1719,0.02792
0.124,0.02765
0.07629,0.0267
0.09045,0.02765
0.1239,0.02783
0.08667,0.02725
0.09326,0.02765
0.09534,0.02783
0.08423,0.02698
0.1055,0.02728
0.1484,0.02728
0.146,0.02768
0.1528,0.02747
0.08911,0.0274
0.1406,0.02762
0.09729,0.02692
0.06934,0.02673
0.06494,0.02747
0.2153,0.02808
0.07275,0.02728
0.1038,0.0275
0.1807,0.0278
0.1843,0.02728
0.09375,0.02701
0.1262,0.02771
0.08801,0.02759
0.09204,0.02786
0.1016,0.02786
0.1274,0.02744
0.0802,0.0275
0.07678,0.02811
0.1013,0.02725
0.07166,0.02686
0.08057,0.02734
0.09399,0.02768
0.1045,0.02698
0.1277,0.02759
0.08191,0.02747
0.1252,0.02744
0.1289,0.02756
0.09021,0.02673
0.1738,0.02768
0.1655,0.02744
0.1166,0.02756
0.08569,0.02719
0.07031,0.02731
0.09216,0.02689
0.1978,0.02853
0.1117,0.02753
0.1232,0.02774
0.09875,0.02737
0.06262,0.0271
0.1616,0.02753
0.1121,0.02762
0.09424,0.02701
0.1039,0.02716
0.1633,0.02747
0.08057,0.02768
0.08435,0.0274
0.08521,0.02744
0.1702,0.02768
0.1227,0.02771
0.04779,0.02524
0.1855,0.02765
0.1719,0.0278
0.07593,0.02759
0.07458,0.02689
0.07678,0.02747
0.1052,0.02722
0.0896,0.0274
0.1777,0.02753
0.06567,0.02722
0.07507,0.02759
0.1045,0.02737
0.1487,0.02783
0.1206,0.02774
0.1198,0.02841
0.1829,0.02731
0.1016,0.02756
0.09912,0.0274
0.1562,0.0274
0.1558,0.02753
0.08447,0.0275
0.09338,0.02734
0.08984,0.0274
0.1641,0.02759
0.2205,0.02686
0.11,0.02722
0.1301,0.02753
0.06171,0.02682
0.06024,0.02563
0.09436,0.02737
0.06824,0.02719
0.1102,0.02756
0.06824,0.02679
0.0708,0.02682
0.08618,0.02771
0.05811,0.02713
0.146,0.02795
0.09778,0.02759
0.1123,0.02756
0.1963,0.02835
0.09045,0.02753
0.0719,0.0275
0.09729,0.02762
0.05823,0.02066
0.05988,0.0267
0.1484,0.02756
0.1204,0.02734
0.07031,0.02744
0.06543,0.02728
0.1017,0.02817
0.125,0.02786
0.05798,0.02722
0.1338,0.02765
0.1448,0.0267
0.1229,0.02658
0.1117,0.02667
0.07764,0.02658
0.07422,0.02673
0.0495,0.02679
0.1978,0.02716
0.1079,0.02646
0.04083,0.02612
0.1858,0.02682
0.07861,0.02658
0.1624,0.02686
0.1313,0.0274
0.2324,0.02722
0.1008,0.02661
0.04663,0.02637
0.1343,0.02658
0.08875,0.02673
0.2432,0.02655
0.1022,0.02731
0.3228,0.02701
0.1436,0.02673
0.1067,0.02679
0.03552,0.02655
0.09399,0.02676
0.005165,0.01825
0.008698,0.004349
0.01807,0.003143
0.009659,0.004311
0.009689,0.004257
0.2065,0.009171
0.1865,0.009598
0.219,0.00853
0.1938,0.008865
0.1868,0.007805
0.2102,0.008499
0.2068,0.008759
0.1975,0.008499
0.1968,0.00856
0.2397,0.008545
0.217,0.009048
0.2073,0.008682
0.1885,0.007759
0.2476,0.008896
0.186,0.007904
0.1631,0.009125
0.2002,0.008026
0.1855,0.008209
0.2734,0.008835
0.1953,0.009705
0.1997,0.007805
0.1729,0.00724
0.1985,0.003292
0.2192,0.02179
0.2334,0.02194
0.2212,0.02167
0.2117,0.02197
0.2476,0.0217
0.1917,0.02151
0.2136,0.022
0.2473,0.02206
0.23,0.02133
0.2205,0.02176
0.3452,0.02216
0.2207,0.02176
0.2048,0.02209
0.2124,0.022
0.1895,0.02173
0.2651,0.022
0.2444,0.02185
0.2549,0.02179
0.2429,0.02185
0.2473,0.02161
0.2292,0.02203
0.2441,0.02158
0.1934,0.02213
0.2017,0.022
0.2095,0.02206
0.1941,0.02185
0.2026,0.02188
0.2056,0.02194
0.229,0.02188
0.2183,0.02197
0.2229,0.02194
0.2393,0.02188
0.2061,0.02118
0.2617,0.02164
0.2224,0.0217
0.2083,0.02209
0.2478,0.02054
0.2192,0.021
0.2107,0.02087
0.1912,0.02072
0.2053,0.02087
0.1887,0.02087
0.1951,0.02084
0.2349,0.02081
0.207,0.02063
0.1873,0.02106
0.2031,0.02078
0.2729,0.02081
0.2192,0.02075
0.2327,0.02087
0.2476,0.02069
0.2004,0.02039
0.2231,0.02087
0.3052,0.02097
0.189,0.02078
0.1992,0.02075
0.1929,0.01971
0.2234,0.0199
0.2114,0.01941
0.2168,0.01987
0.3086,0.01938
0.1736,0.01984
0.2126,0.0195
0.2075,0.01993
0.2317,0.01965
0.252,0.01901
0.2393,0.01859
0.2686,0.01868
0.2224,0.01868
0.2495,0.01883
0.2058,0.01877
0.2031,0.01849
0.23,0.01886
0.2292,0.01837
0.2029,0.01846
0.2212,0.01865
0.1826,0.01106
0.177,0.006157
0.01236,3.414E-4
0.05347,0.0145
0.05872,0.0144
0.01447,0.01447
0.0578,0.01361
