7.906E-4,0.003502
8.583E-4,0.003845
6.628E-4,0.003647
9.308E-4,0.003693
5.045E-4,0.003677
0.001019,0.00351
6.456E-4,0.003479
4.158E-4,0.00351
3.948E-4,0.003513
7.849E-4,0.003738
0.01071,0.003563
7.582E-4,0.003551
6.39E-4,0.00354
9.203E-4,0.003475
5.999E-4,0.003517
0.001257,0.003662
7.057E-4,0.003593
9.489E-4,0.003696
0.001078,0.003639
6.495E-4,0.003574
3.281E-4,0.00354
4.549E-4,0.003361
0.001734,0.003475
4.072E-4,0.00362
6.294E-4,0.003605
6.828E-4,0.003666
9.537E-4,0.003643
5.503E-4,0.003708
7.572E-4,0.003597
3.319E-4,0.003555
3.357E-4,0.003563
0.001127,0.003609
4.072E-4,0.003632
6.971E-4,0.003586
0.001154,0.003574
0.001028,0.003407
6.676E-4,0.003441
9.05E-4,0.003651
5.836E-4,0.003639
6.695E-4,0.003651
0.001408,0.003685
0.001118,0.00354
6.838E-4,0.003414
7.2E-4,0.00359
6.542E-4,0.003555
6.418E-4,0.00354
6.809E-4,0.003445
2.985E-4,0.003468
3.376E-4,0.00349
4.263E-4,0.00349
0.001114,0.003593
7.229E-4,0.003597
8.955E-4,0.003651
4.168E-4,0.003548
7.248E-4,0.00367
0.001005,0.003361
5.436E-4,0.003452
6.628E-4,0.003685
3.901E-4,0.003632
3.138E-4,0.003445
3.443E-4,0.003403
6.075E-4,0.003719
3.052E-4,0.00362
0.001009,0.003551
7.553E-4,0.003597
3.862E-4,0.00346
6.227E-4,0.003452
7.458E-4,0.003662
7.763E-4,0.003555
8.64E-4,0.003632
5.436E-4,0.00359
7.057E-4,0.003574
0.001242,0.003563
3.147E-4,0.00338
5.322E-4,0.00341
5.503E-4,0.003345
3.662E-4,0.003387
0.001123,0.003429
2.985E-4,0.003429
3.252E-4,0.003674
2.67E-4,0.003742
2.689E-4,0.003494
7.315E-4,0.003513
7.906E-4,0.003422
7.067E-4,0.003475
8.898E-4,0.003494
5.054E-4,0.003464
5.836E-4,0.003399
6.514E-4,0.003384
7.181E-4,0.003704
5.159E-4,0.003719
5.465E-4,0.003521
7.639E-4,0.00359
6.981E-4,0.003555
0.001207,0.003468
0.001314,0.003498
7.734E-4,0.003525
0.001318,0.003532
5.674E-4,0.003506
4.11E-4,0.003536
5.827E-4,0.00351
7.439E-4,0.003643
8.24E-4,0.003704
8.45E-4,0.003593
0.001003,0.003555
3.901E-4,0.003517
8.307E-4,0.003452
9.298E-4,0.003395
7.811E-4,0.003502
5.789E-4,0.003559
6.104E-4,0.00362
7.954E-4,0.00338
5.884E-4,0.003345
5.283E-4,0.003544
4.425E-4,0.003548
3.061E-4,0.003475
8.612E-4,0.003506
9.003E-4,0.003361
0.001011,0.003323
8.411E-4,0.003426
0.001177,0.003368
7.153E-4,0.003662
6.781E-4,0.003574
7.095E-4,0.003414
7.639E-4,0.003403
7.801E-4,0.003513
0.001186,0.003513
0.001083,0.003376
6.046E-4,0.003456
3.805E-4,0.00351
6.208E-4,0.003475
9.279E-4,0.003597
2.785E-4,0.003548
0.001585,0.003574
8.202E-4,0.003525
5.56E-4,0.003529
8.879E-4,0.003487
6.943E-4,0.003548
6.161E-4,0.003582
3.281E-4,0.003361
7.782E-4,0.003345
4.921E-4,0.003418
7.353E-4,0.003494
0.001028,0.003475
8.278E-4,0.003551
8.65E-4,0.003422
7.458E-4,0.003353
9.661E-4,0.00351
6.58E-4,0.003468
3.567E-4,0.00341
6.943E-4,0.003433
7.706E-4,0.003548
6.905E-4,0.003544
0.01694,0.01514
0.01154,0.01518
0.03986,0.01018
6.037E-4,2.136E-4
0.001505,0.006615
8.221E-4,1.526E-4
0.001381,0.0271
0.001465,0.02698
2.251E-4,0.001005
1.526E-4,8.507E-4
4.606E-4,7.334E-4
7.372E-4,7.477E-4
3.824E-4,7.105E-4
5.054E-4,7.601E-4
4.148E-4,7.076E-4
4.206E-4,0.001013
0.001766,0.02783
0.001822,0.01283
2.966E-4,0.003952
3.557E-4,7.896E-4
1.459E-4,0.001545
4.654E-4,4.921E-4
0.001137,7.305E-4
1.659E-4,2.031E-4
2.851E-4,0.005203
0.003628,7.0E-4
0.04218,0.003536
0.03418,0.02579
0.03223,0.02554
0.114,0.02579
0.07556,0.02567
0.04395,0.02563
0.09412,0.02655
0.1178,0.0256
0.04883,0.0267
0.03516,0.02643
0.09619,0.02628
0.03558,0.02579
0.08105,0.0257
0.09863,0.02682
0.06677,0.02567
0.06311,0.02661
0.06323,0.02792
0.08215,0.0274
0.03662,0.0278
0.06677,0.02777
0.0741,0.02789
0.04071,0.02585
0.05664,0.02548
0.1053,0.02612
0.03369,0.02518
0.06311,0.0253
0.1019,0.02576
0.05426,0.02536
0.09778,0.02487
0.1215,0.02542
0.09912,0.02466
0.09875,0.0264
0.06299,0.02728
0.03223,0.02615
0.09009,0.02533
0.09009,0.02579
0.06311,0.02673
0.05872,0.0267
0.1005,0.02686
0.09119,0.02798
0.04163,0.02731
0.03613,0.02753
0.07092,0.02798
0.04242,0.0282
0.04492,0.0278
0.1044,0.02792
0.03564,0.026
0.1057,0.0253
0.1202,0.0264
0.03857,0.02631
0.1162,0.02612
0.1306,0.001938
0.03253,0.001921
0.03479,0.001787
0.0376,0.001736
0.04156,0.001785
0.03369,0.002045
0.03516,0.001987
0.09448,0.001703
0.03186,0.001741
0.03784,0.001757
0.08179,0.001907
0.06665,0.001284
0.03564,0.002029
0.03162,0.001774
0.1255,0.001869
0.03516,0.001972
0.04944,0.001762
0.03467,0.001976
0.03613,0.001942
0.03418,0.001791
0.03418,0.001745
0.03467,0.001795
0.03662,0.002403
0.03381,0.001806
0.03442,0.001797
0.03418,0.001917
0.04016,0.001778
0.03223,0.001801
0.03442,0.00198
0.1707,0.001892
0.03418,0.001755
0.03125,0.001778
0.1523,0.001696
0.08411,0.001802
0.03271,0.001957
0.0575,0.001907
0.07068,0.001919
0.03345,0.001928
0.0332,0.001999
0.02924,0.001621
0.1724,0.003223
0.03516,0.00193
0.03613,0.001703
0.1785,0.00178
0.03345,0.001957
0.05121,0.00194
0.02783,0.002037
0.05988,0.001877
0.05811,0.001873
0.05756,0.002136
0.03918,0.002003
0.03418,0.001766
0.05481,0.001804
0.08069,0.002007
0.0354,0.002567
0.09595,0.001888
0.07617,0.001795
0.03796,0.001778
