0.002586,0.01038
0.007294,0.01128
2.193E-4,2.079E-4
5.713E-4,2.193E-4
0.0012,2.413E-4
2.251E-4,2.785E-4
3.49E-4,2.155E-4
0.001648,0.002037
6.828E-4,2.346E-4
2.251E-4,2.117E-4
2.165E-4,3.433E-4
9.031E-4,2.813E-4
4.644E-4,2.089E-4
3.948E-4,2.623E-4
1.955E-4,3.881E-4
2.642E-4,2.155E-4
5.856E-4,2.022E-4
0.001415,2.527E-4
3.567E-4,1.907E-4
2.594E-4,2.279E-4
4.177E-4,1.64E-4
4.416E-4,2.241E-4
1.793E-4,2.108E-4
1.879E-4,1.936E-4
1.574E-4,2.012E-4
1.507E-4,2.346E-4
8.43E-4,1.984E-4
0.001268,2.851E-4
0.001089,1.612E-4
0.001295,2.441E-4
0.001097,1.831E-4
4.749E-4,2.441E-4
1.898E-4,1.926E-4
1.688E-4,1.812E-4
1.936E-4,2.031E-4
2.823E-4,2.184E-4
1.545E-4,3.023E-4
2.556E-4,2.012E-4
2.594E-4,2.48E-4
6.208E-4,2.117E-4
4.139E-4,1.44E-4
1.783E-4,2.117E-4
9.785E-4,2.022E-4
1.259E-4,2.527E-4
3.777E-4,2.584E-4
1.802E-4,2.327E-4
6.113E-4,2.956E-4
1.65E-4,1.907E-4
4.406E-4,2.298E-4
7.982E-4,1.879E-4
3.319E-4,2.508E-4
5.054E-4,2.041E-4
1.678E-4,2.375E-4
4.11E-4,1.707E-4
5.617E-4,3.138E-4
2.098E-4,2.089E-4
2.108E-4,2.193E-4
5.97E-4,2.851E-4
4.129E-4,2.308E-4
3.633E-4,2.518E-4
9.212E-4,2.155E-4
3.691E-4,2.069E-4
2.489E-4,2.279E-4
2.756E-4,2.909E-4
1.526E-4,1.936E-4
1.955E-4,2.365E-4
0.001333,2.527E-4
2.337E-4,2.451E-4
5.579E-4,2.432E-4
3.624E-4,2.956E-4
0.001308,2.089E-4
9.956E-4,3.033E-4
3.757E-4,3.185E-4
7.925E-4,2.317E-4
1.698E-4,3.061E-4
4.826E-4,2.031E-4
0.001226,2.451E-4
4.396E-4,8.726E-4
5.264E-4,2.842E-4
1.431E-4,2.098E-4
1.764E-4,3.052E-4
1.602E-4,1.879E-4
3.09E-4,2.794E-4
4.082E-4,2.213E-4
0.001249,2.718E-4
0.1572,0.007263
0.001036,0.01042
0.1658,0.05023
0.1694,0.04932
0.1804,0.05023
0.1609,0.03912
0.2068,0.04382
0.1946,0.04974
0.1978,0.04077
0.2476,0.03986
0.1899,0.05017
0.2297,0.05005
0.2043,0.04987
0.2236,0.0498
0.1426,0.04169
0.1184,0.04944
0.1885,0.04791
0.2646,0.0506
0.002293,0.02972
0.01672,0.07397
7.267E-4,0.1166
3.433E-4,0.1166
5.941E-4,0.04926
9.375E-4,0.04901
5.789E-4,0.04907
8.974E-4,0.04907
7.725E-4,0.04907
7.172E-4,0.04907
0.002327,0.04907
9.022E-4,0.04895
7.62E-4,0.04901
7.849E-4,0.04895
6.771E-4,0.03857
5.913E-4,4.32E-4
6.075E-4,4.492E-4
0.06323,0.02466
0.04913,0.01094
0.003773,0.002239
0.2131,0.007629
0.01239,0.02008
0.02783,0.02042
3.424E-4,0.001045
0.001261,3.204E-4
6.542E-4,7.687E-4
0.09387,0.01974
0.2983,0.1104
0.001633,0.001276
9.184E-4,0.00108
0.002563,0.01204
7.935E-4,0.006363
7.296E-4,0.001348
8.001E-4,0.004128
0.07617,0.02518
0.07092,0.02457
0.09485,0.02515
0.002453,0.002689
0.01225,0.001175
0.01463,0.001099
0.0137,0.001074
0.01239,0.001051
0.01241,9.727E-4
0.01289,0.001032
0.1777,0.003681
0.00528,9.089E-4
0.005943,0.001028
0.007454,3.061E-4
0.00425,0.001003
0.2058,0.005714
0.2332,0.005608
0.1411,0.005257
0.2134,0.004822
0.1597,0.006203
0.1609,0.004898
0.2012,0.005798
0.176,0.005722
0.2175,0.005569
0.1902,0.005226
0.1426,0.003902
0.1536,0.005104
0.2363,0.004456
0.2229,0.004532
0.2019,0.003208
0.006126,0.01605
0.02402,0.01611
0.007256,0.01608
0.01562,0.01596
0.02451,0.01599
0.04901,0.003475
5.827E-4,0.001272
4.578E-4,0.001286
0.001392,0.002274
0.003304,0.002151
0.1113,0.008698
0.06421,0.006508
0.001301,0.01167
6.104E-4,0.01166
7.935E-4,0.0116
8.144E-4,0.01192
0.001038,0.01167
7.324E-4,0.001156
7.324E-4,8.86E-4
9.155E-4,4.673E-4
9.766E-4,0.001318
2.785E-4,4.187E-4
1.154E-4,6.79E-4
6.447E-4,9.766E-4
9.136E-4,0.001226
3.414E-4,0.001049
8.001E-4,0.001095
4.387E-4,9.918E-4
3.958E-4,0.001049
0.03766,0.01387
0.02173,0.01389
0.007935,0.01578
0.04346,0.01076
0.002228,0.002644
0.06348,0.01073
1.335E-5,6.58E-5
6.065E-4,2.966E-4
7.524E-4,0.01083
0.002216,0.001741
0.01703,0.001598
0.06262,0.005333
6.409E-4,2.623E-4
0.2043,0.05243
0.01123,0.00412
0.01825,0.01608
0.003448,4.892E-4
0.004044,2.937E-4
6.247E-4,4.549E-4
0.002289,0.00115
9.766E-4,0.001146
0.001953,0.001305
0.001465,0.001286
0.001221,0.001007
0.001465,0.001205
0.001953,0.001379
0.001465,0.001175
0.002331,0.001272
0.001465,0.001255
0.001953,0.001213
0.001465,0.001205
7.553E-4,7.601E-4
0.00272,0.001183
0.001465,0.001249
0.09375,0.003536
0.002232,0.001333
0.002083,0.001211
0.001953,0.001194
0.001757,0.00123
0.01213,0.00152
0.00201,0.001207
0.001465,0.001305
0.00209,0.001167
0.001953,0.001633
0.001953,0.002289
0.001953,0.001316
0.001221,0.001007
0.001507,9.356E-4
0.004257,0.00119
0.004341,0.00116
0.001465,0.001207
0.001465,0.001318
0.002548,0.001186
0.001465,0.001204
0.001221,0.001192
9.766E-4,0.001074
0.001465,0.001278
0.001507,0.001209
0.001184,9.212E-4
0.001465,0.001198
0.001465,0.001236
0.001465,0.001202
0.008728,0.001013
0.009155,0.001726
0.009415,0.00132
0.005135,0.001219
0.01041,0.001205
0.001953,0.001274
0.008255,0.001198
0.008057,0.001198
8.545E-4,8.736E-4
0.001465,0.001129
0.001465,0.001221
0.001465,0.001158
0.008484,0.001219
0.01186,0.001196
0.002171,0.001368
0.001316,0.001181
0.00193,0.001165
0.001953,0.01294
0.003494,0.01292
0.001953,0.01292
0.001953,0.01291
0.002441,0.01294
0.003906,0.01297
0.002441,0.01294
0.01524,0.01297
0.003662,0.01302
0.01515,0.013
0.001953,0.01294
0.01059,0.01289
0.002598,0.01297
