7.811E-4,0.001354
7.534E-4,0.00136
9.975E-4,0.00131
6.933E-4,0.001417
8.192E-4,0.001335
9.356E-4,0.001467
9.804E-4,0.001562
3.662E-4,0.001415
6.8E-4,0.001347
0.001131,0.001402
6.695E-4,0.001337
8.03E-4,0.001455
0.001085,0.001398
3.176E-4,0.001427
0.001123,0.001303
0.00102,0.001326
8.478E-4,0.001343
8.984E-4,0.001324
0.001047,0.001318
3.443E-4,0.001341
6.075E-4,0.001322
0.001066,0.001331
0.001085,0.001369
4.501E-4,0.001329
8.011E-4,0.001436
7.534E-4,0.001333
7.582E-4,0.001427
9.422E-4,0.001368
8.612E-4,0.001368
5.922E-4,0.001431
0.002075,0.001369
6.285E-4,0.001358
0.001089,0.001448
9.041E-4,0.001354
7.572E-4,0.001465
0.00119,0.001507
8.64E-4,0.001337
2.613E-4,0.001362
0.001513,0.001352
6.161E-4,0.001331
0.00104,0.001364
3.986E-4,0.001324
7.114E-4,0.001392
7.439E-4,0.001373
9.518E-4,0.001429
5.674E-4,0.001421
8.898E-4,0.001326
6.819E-4,0.001293
0.001125,0.00144
6.847E-4,0.001366
0.001299,0.00136
7.238E-4,0.001329
0.001135,0.001314
0.00708,0.001427
6.504E-4,0.001318
8.917E-4,0.001469
7.811E-4,0.001469
0.001003,0.001299
8.154E-4,0.001345
8.163E-4,0.001373
9.346E-4,0.001356
4.511E-4,0.001339
7.114E-4,0.001392
0.00104,0.001303
9.356E-4,0.001366
6.371E-4,0.00149
7.658E-4,0.001318
0.001308,0.001398
6.008E-4,0.001596
0.001045,0.001331
9.222E-4,0.001375
8.059E-4,0.001394
0.01237,0.001354
4.311E-4,0.001314
6.828E-4,0.001406
0.001215,0.001322
8.993E-4,0.001392
8.345E-4,0.00132
7.658E-4,0.001402
5.55E-4,0.00141
8.23E-4,0.001444
0.001415,0.001425
6.104E-4,0.001381
0.001207,0.002392
6.552E-4,0.001335
7.505E-4,0.001465
7.019E-4,0.001293
6.933E-4,0.001362
6.065E-4,0.001307
6.437E-4,0.001368
6.313E-4,0.001318
9.422E-4,0.001356
7.486E-4,0.001348
6.59E-4,0.001354
7.0E-4,0.001343
7.658E-4,0.001308
0.001133,0.001377
4.044E-4,0.001297
7.954E-4,0.001316
0.001089,0.001358
5.703E-4,0.001392
7.553E-4,0.001472
0.001003,0.001348
9.804E-4,0.001497
9.88E-4,0.001404
9.403E-4,0.001312
0.001127,0.001408
8.898E-4,0.001331
7.086E-4,0.001377
5.426E-4,0.001389
0.001307,0.001331
7.076E-4,0.001348
5.875E-4,0.001348
0.001097,0.001377
6.676E-4,0.001472
5.865E-4,0.001482
7.906E-4,0.001448
0.003624,0.001379
0.001047,0.00132
9.403E-4,0.001368
9.804E-4,0.001394
8.717E-4,0.001339
0.001415,0.001413
3.91E-4,0.001539
0.00111,0.001486
4.902E-4,0.001364
0.006264,0.001364
0.00156,0.001318
6.533E-4,0.001329
9.127E-4,0.001368
0.00139,0.001329
6.704E-4,0.001326
0.001232,0.001331
0.001236,0.001383
6.723E-4,0.001381
7.715E-4,0.001446
6.571E-4,0.001396
5.026E-4,0.001455
6.304E-4,0.001335
0.001326,0.001417
6.905E-4,0.001312
4.358E-4,0.001337
6.523E-4,0.00135
8.478E-4,0.001318
9.537E-4,0.001371
9.117E-4,0.001408
7.668E-4,0.001438
7.915E-4,0.001379
0.001335,0.001362
9.27E-4,0.001369
6.981E-4,0.001402
0.001438,0.001337
3.204E-4,0.001318
4.683E-4,0.001366
4.95E-4,0.001553
7.439E-4,0.001339
7.324E-4,0.001318
0.001545,0.001478
5.903E-4,0.001274
0.007339,0.001402
6.447E-4,0.001339
8.183E-4,0.001417
6.542E-4,0.001371
6.933E-4,0.001377
8.86E-4,0.001434
6.094E-4,0.001308
9.212E-4,0.001389
7.353E-4,0.001501
5.579E-4,0.001354
5.512E-4,0.001453
6.905E-4,0.001322
7.401E-4,0.001438
5.35E-4,0.001421
6.676E-4,0.0014
6.199E-4,0.001347
7.2E-4,0.001305
8.068E-4,0.001429
0.002045,0.00153
6.437E-4,0.001383
5.693E-4,0.001371
5.589E-4,0.001347
7.935E-4,0.001335
6.895E-4,0.001335
7.248E-4,0.001312
7.381E-4,0.001467
0.001654,0.001316
2.975E-4,0.001358
0.00107,0.001329
3.967E-4,0.001301
3.767E-4,0.001476
7.658E-4,0.001324
6.857E-4,0.001348
5.608E-4,0.001486
6.227E-4,0.001375
7.219E-4,0.001348
5.589E-4,0.001392
6.914E-4,0.001358
5.388E-4,0.001394
5.646E-4,0.001453
0.007599,0.001331
8.335E-4,0.001375
0.001196,0.001373
9.403E-4,0.001352
6.313E-4,0.001318
7.467E-4,0.001329
3.757E-4,0.001312
4.95E-4,0.001308
6.104E-4,0.001404
0.001921,0.001291
8.297E-4,0.001442
4.864E-4,0.001423
4.292E-4,0.001431
0.001133,0.001335
9.623E-4,0.001331
0.001263,0.001431
6.218E-4,0.001429
0.001345,0.001387
5.169E-4,0.001307
5.627E-4,0.001348
6.742E-4,0.001436
0.003635,0.001463
0.001122,0.001348
0.001114,0.001318
7.334E-4,0.001513
4.959E-4,0.001297
6.943E-4,0.001375
6.58E-4,0.001379
4.711E-4,0.00131
0.001442,0.001377
7.591E-4,0.001337
3.433E-4,0.001291
7.2E-4,0.001383
6.466E-4,0.00148
4.253E-4,0.001326
7.792E-4,0.001402
6.914E-4,0.001354
5.808E-4,0.001333
9.003E-4,0.001474
6.733E-4,0.00141
6.495E-4,0.00149
0.00124,0.001476
4.93E-4,0.001451
3.395E-4,0.00136
8.116E-4,0.001383
7.0E-4,0.00128
8.526E-4,0.001453
4.702E-4,0.001318
0.001171,0.001373
7.076E-4,0.001339
7.505E-4,0.001369
0.001194,0.001406
7.696E-4,0.001375
4.654E-4,0.001312
6.456E-4,0.001438
2.689E-4,0.00139
2.899E-4,0.001377
6.275E-4,0.001352
0.001055,0.001314
3.557E-4,0.001348
7.82E-4,0.00145
0.001234,0.001331
7.582E-4,0.001389
6.447E-4,0.0014
7.372E-4,0.001373
7.782E-4,0.001371
8.879E-4,0.001385
9.336E-4,0.001402
3.653E-4,0.001308
8.116E-4,0.001343
6.723E-4,0.001549
9.995E-4,0.00145
6.428E-4,0.001345
3.061E-4,0.001474
7.305E-4,0.001331
3.338E-4,0.001394
0.001945,0.001425
3.376E-4,0.001318
5.693E-4,0.001465
7.21E-4,0.001362
6.685E-4,0.001322
4.673E-4,0.001362
6.657E-4,0.001448
7.162E-4,0.001451
7.677E-4,0.001314
4.797E-4,0.001312
6.428E-4,0.00149
4.568E-4,0.001371
7.076E-4,0.001369
