13,30
13,13
13,24
13,29
13,20
13,17
13,20
13,23
13,26
13,14
13,18
13,21
13,13
13,29
13,19
13,16
13,16
13,25
13,14
13,14
13,25
13,14
13,19
13,14
13,20
13,19
13,19
13,16
13,16
13,20
13,20
13,13
13,22
13,17
13,14
13,19
13,15
13,13
13,19
13,14
13,18
13,24
13,15
13,21
13,19
13,22
13,13
13,22
13,14
13,25
13,22
13,16
13,18
13,26
13,15
13,18
13,24
13,18
13,12
13,20
13,20
13,21
13,18
13,14
13,16
13,18
13,12
13,12
13,21
13,12
13,17
13,24
13,16
13,19
13,16
13,17
13,20
13,13
13,13
13,16
13,13
13,17
13,21
13,21
13,24
13,14
13,19
13,21
13,14
13,15
13,14
13,22
13,16
13,21
13,20
13,14
13,11
12,17
13,19
13,11
13,12
13,16
13,14
13,23
13,14
13,16
13,14
13,19
13,15
13,14
13,20
13,20
13,25
13,19
13,20
13,27
13,20
13,13
13,18
13,22
13,24
13,17
13,25
13,14
13,23
13,20
13,19
13,21
13,17
13,16
13,14
13,18
13,14
13,24
13,22
13,18
13,16
13,18
13,24
13,20
13,22
13,12
13,14
13,12
13,13
13,15
13,26
13,17
13,20
13,19
13,16
13,37
13,21
13,22
13,22
13,15
13,20
13,21
13,17
13,28
13,21
13,24
13,20
13,27
13,25
13,20
13,22
13,20
13,18
13,22
13,20
13,19
13,20
13,14
13,23
13,23
13,17
13,13
13,16
13,13
13,24
13,13
13,19
13,19
13,14
13,21
13,15
13,24
13,17
13,14
13,22
13,20
13,16
13,31
13,20
13,14
13,23
13,21
13,23
13,19
13,18
13,14
13,14
3,17
13,21
13,19
13,16
13,16
13,17
13,20
13,12
13,18
13,17
13,11
13,15
13,17
13,22
13,17
13,20
13,23
13,15
13,11
13,24
13,16
13,13
13,21
13,21
13,14
13,17
13,22
13,23
13,19
13,22
13,24
13,24
13,19
13,31
13,19
13,22
13,24
13,27
13,25
13,18
13,20
13,15
13,14
13,13
13,14
13,13
13,22
13,22
13,14
13,18
13,20
13,18
13,13
13,17
13,16
13,17
13,22
13,24
13,15
13,21
13,18
13,14
13,15
13,21
13,17
13,10
13,22
13,13
13,13
13,19
13,27
13,23
13,17
13,22
13,18
13,24
13,15
13,20
13,13
13,36
13,18
13,18
13,14
13,17
13,22
