0.001329,0.001057
7.2E-4,5.636E-4
6.371E-4,5.922E-4
6.542E-4,6.456E-4
0.001411,5.283E-4
4.044E-4,5.732E-4
6.628E-4,4.95E-4
0.001417,5.913E-4
6.504E-4,5.026E-4
5.608E-4,0.001205
9.604E-4,5.846E-4
9.46E-4,5.198E-4
6.828E-4,5.264E-4
7.763E-4,4.778E-4
8.707E-4,5.407E-4
6.838E-4,5.846E-4
6.599E-4,5.465E-4
6.781E-4,5.264E-4
9.67E-4,5.98E-4
8.249E-4,5.598E-4
4.52E-4,5.884E-4
6.714E-4,6.647E-4
6.714E-4,5.302E-4
5.407E-4,9.317E-4
8.154E-4,5.817E-4
0.00161,5.074E-4
0.001295,5.665E-4
7.0E-4,6.065E-4
6.638E-4,5.798E-4
9.661E-4,5.341E-4
0.002251,4.988E-4
4.74E-4,5.617E-4
7.658E-4,5.15E-4
8.326E-4,5.608E-4
7.544E-4,5.665E-4
6.514E-4,5.646E-4
4.807E-4,5.951E-4
0.00145,5.655E-4
7.372E-4,5.741E-4
7.238E-4,5.445E-4
3.262E-4,5.178E-4
6.819E-4,5.817E-4
7.191E-4,5.474E-4
7.563E-4,5.121E-4
0.001905,5.684E-4
8.354E-4,5.77E-4
8.86E-4,6.495E-4
9.575E-4,4.616E-4
9.127E-4,4.864E-4
7.381E-4,5.341E-4
6.533E-4,5.407E-4
3.777E-4,5.817E-4
6.981E-4,5.55E-4
5.245E-4,6.227E-4
5.722E-4,4.93E-4
0.001175,6.399E-4
0.01172,8.268E-4
7.963E-4,5.846E-4
7.124E-4,8.965E-4
7.076E-4,6.819E-4
8.211E-4,5.598E-4
6.723E-4,5.341E-4
0.001902,5.884E-4
0.001184,6.733E-4
7.677E-4,5.054E-4
7.505E-4,5.989E-4
7.858E-4,4.797E-4
0.00186,5.884E-4
6.161E-4,5.302E-4
0.01112,7.038E-4
0.001238,5.76E-4
7.038E-4,5.064E-4
0.001162,5.846E-4
0.001247,4.749E-4
3.939E-4,5.846E-4
7.257E-4,5.789E-4
0.001013,5.722E-4
8.068E-4,4.663E-4
4.32E-4,6.237E-4
6.542E-4,5.655E-4
8.373E-4,5.102E-4
0.00149,5.035E-4
0.001019,4.921E-4
8.659E-4,5.178E-4
5.083E-4,5.722E-4
4.53E-4,5.264E-4
6.599E-4,5.493E-4
6.981E-4,0.001102
7.868E-4,5.98E-4
7.41E-4,5.627E-4
8.888E-4,5.684E-4
8.211E-4,5.131E-4
8.821E-4,5.131E-4
0.001379,6.266E-4
6.638E-4,5.236E-4
7.896E-4,6.361E-4
0.001057,5.417E-4
8.907E-4,5.541E-4
0.001097,5.789E-4
7.734E-4,5.856E-4
0.001232,7.553E-4
4.702E-4,4.911E-4
9.575E-4,5.198E-4
4.635E-4,5.817E-4
7.114E-4,5.875E-4
7.696E-4,5.493E-4
0.001329,5.274E-4
7.105E-4,5.465E-4
6.847E-4,6.466E-4
0.0152,5.589E-4
0.003448,5.999E-4
4.473E-4,6.018E-4
6.8E-4,5.875E-4
6.819E-4,5.312E-4
0.001219,5.302E-4
2.918E-4,6.323E-4
6.99E-4,5.96E-4
8.984E-4,5.96E-4
3.595E-4,9.823E-4
0.002125,5.445E-4
3.71E-4,5.894E-4
0.002216,5.579E-4
6.428E-4,5.894E-4
0.001745,6.59E-4
6.199E-4,5.96E-4
5.846E-4,5.951E-4
0.001047,5.655E-4
7.715E-4,5.56E-4
4.845E-4,6.437E-4
8.259E-4,5.341E-4
5.884E-4,8.564E-4
6.58E-4,5.054E-4
3.824E-4,5.827E-4
0.001011,5.417E-4
8.268E-4,6.266E-4
7.629E-4,5.531E-4
0.001253,5.713E-4
3.662E-4,5.894E-4
0.001179,5.169E-4
6.561E-4,5.751E-4
0.001348,5.732E-4
4.406E-4,5.579E-4
0.00104,4.959E-4
0.001427,6.485E-4
3.433E-4,4.969E-4
3.92E-4,0.001131
0.001074,5.884E-4
9.26E-4,5.465E-4
3.033E-4,6.742E-4
4.864E-4,6.17E-4
6.857E-4,5.484E-4
9.747E-4,5.779E-4
9.689E-4,6.008E-4
0.001953,4.959E-4
0.01106,5.217E-4
3.5E-4,5.245E-4
0.001116,5.77E-4
8.202E-4,4.816E-4
4.292E-4,6.18E-4
8.755E-4,9.546E-4
4.158E-4,5.894E-4
7.61E-4,5.503E-4
6.323E-4,5.102E-4
6.561E-4,5.789E-4
3.223E-4,4.997E-4
5.951E-4,6.17E-4
5.76E-4,6.104E-4
9.117E-4,4.816E-4
8.602E-4,5.875E-4
0.001404,7.038E-4
6.924E-4,6.008E-4
5.627E-4,5.445E-4
7.839E-4,5.77E-4
0.001522,5.35E-4
5.674E-4,5.112E-4
9.861E-4,5.522E-4
5.875E-4,6.123E-4
5.779E-4,5.264E-4
6.485E-4,6.132E-4
6.638E-4,5.684E-4
8.993E-4,4.911E-4
6.485E-4,5.407E-4
3.71E-4,9.766E-4
7.515E-4,5.484E-4
0.001043,5.693E-4
8.44E-4,5.322E-4
6.514E-4,4.892E-4
6.666E-4,4.778E-4
0.001089,5.484E-4
6.189E-4,6.332E-4
7.763E-4,6.351E-4
6.485E-4,6.437E-4
3.92E-4,5.617E-4
0.001839,5.455E-4
6.409E-4,5.913E-4
7.906E-4,5.693E-4
5.322E-4,9.489E-4
5.207E-4,5.779E-4
7.143E-4,6.056E-4
6.132E-4,5.531E-4
0.001053,0.001249
0.001215,5.293E-4
7.334E-4,9.041E-4
5.131E-4,6.58E-4
6.742E-4,5.798E-4
3.672E-4,6.924E-4
8.888E-4,4.721E-4
6.571E-4,5.188E-4
6.933E-4,5.798E-4
7.648E-4,7.505E-4
7.467E-4,5.617E-4
6.447E-4,6.227E-4
6.876E-4,6.065E-4
5.693E-4,4.873E-4
4.978E-4,5.55E-4
9.336E-4,5.913E-4
6.571E-4,5.922E-4
9.642E-4,5.56E-4
9.203E-4,6.142E-4
4.616E-4,5.932E-4
0.001133,5.341E-4
6.809E-4,5.932E-4
5.407E-4,6.123E-4
7.582E-4,6.151E-4
0.001001,5.226E-4
0.001726,5.751E-4
0.001255,5.016E-4
3.557E-4,4.835E-4
7.067E-4,5.741E-4
4.721E-4,5.884E-4
0.01166,5.598E-4
5.083E-4,6.428E-4
5.674E-4,5.913E-4
0.001303,5.617E-4
7.83E-4,5.674E-4
0.00131,4.969E-4
5.598E-4,6.599E-4
6.886E-4,5.56E-4
6.609E-4,6.161E-4
0.001127,5.322E-4
0.006073,5.55E-4
9.327E-4,5.541E-4
9.298E-4,5.674E-4
8.297E-4,4.787E-4
7.658E-4,6.657E-4
7.029E-4,5.55E-4
7.172E-4,5.827E-4
9.975E-4,5.817E-4
7.839E-4,5.236E-4
3.757E-4,6.304E-4
4.339E-4,5.245E-4
0.001213,6.142E-4
9.375E-4,5.417E-4
4.187E-4,5.817E-4
0.001038,6.065E-4
4.749E-4,6.294E-4
0.00128,5.007E-4
3.986E-4,4.74E-4
0.001335,5.693E-4
7.343E-4,5.064E-4
4.94E-4,4.864E-4
0.001169,5.97E-4
0.002182,5.674E-4
0.00128,5.045E-4
6.895E-4,5.102E-4
7.677E-4,5.97E-4
0.001162,5.856E-4
7.715E-4,5.999E-4
6.466E-4,6.237E-4
0.001244,4.873E-4
9.975E-4,6.266E-4
7.725E-4,0.00127
0.001122,6.361E-4
3.195E-4,6.18E-4
6.008E-4,5.503E-4
7.82E-4,5.503E-4
8.841E-4,6.657E-4
0.001181,5.808E-4
9.251E-4,4.873E-4
7.658E-4,5.512E-4
6.094E-4,6.781E-4
9.184E-4,5.999E-4
5.312E-4,5.379E-4
6.056E-4,6.485E-4
0.001097,5.455E-4
0.08215,0.006935
3.7E-4,8.144E-4
7.153E-4,6.533E-4
