0.001526,0.002766
0.001892,0.002693
0.002766,0.00264
0.002441,0.002907
0.01926,0.002979
0.001984,0.0028
0.002182,0.002773
0.00177,0.002819
0.002075,0.002716
0.01309,0.002983
0.001862,0.002811
0.001938,0.002956
0.001862,0.002861
0.007462,0.002769
0.007393,0.002911
0.004204,0.002735
0.006248,0.003044
0.001892,0.002739
0.0112,0.002731
0.002167,0.002869
0.008224,0.002846
0.001892,0.002785
0.001587,0.002838
0.00238,0.002815
0.002716,0.00285
0.004395,0.00412
0.001953,0.003857
0.01184,0.003975
0.00293,0.004288
0.001648,0.003376
0.002441,0.004341
0.002403,0.004005
0.001953,0.004021
0.001953,0.004211
0.003113,0.004066
0.00293,0.004189
0.002197,0.00415
0.002441,0.004059
0.001953,0.003906
0.0144,0.004028
0.003365,0.003857
0.001953,0.003868
0.0174,0.004295
0.002441,0.003929
0.00518,0.004242
0.002197,0.004089
0.001709,0.003899
0.01506,0.004333
0.003174,0.004326
0.01175,0.004265
0.002197,0.004005
0.00293,0.004158
0.002441,0.00412
0.01697,0.00412
0.002441,0.004272
0.001709,0.003998
0.003914,0.00428
0.001953,0.003677
0.001953,0.004082
0.002441,0.00441
0.01675,0.004417
0.01709,0.004227
0.002441,0.004005
0.001953,0.004242
0.01405,0.004112
0.001953,0.003777
0.001953,0.003883
0.002197,0.00388
0.00293,0.004562
0.01569,0.004181
0.001953,0.004051
0.002205,0.003899
0.001953,0.004509
0.004097,0.004074
0.001953,0.004036
0.002441,0.00428
0.004616,0.004501
0.01801,0.004417
0.00293,0.004173
0.002441,0.004105
0.001953,0.003922
0.002441,0.004028
0.001953,0.00412
0.01627,0.004326
0.01669,0.004066
6.266E-4,5.388E-4
0.002716,0.00227
0.01442,0.0023
0.00293,0.002262
0.004395,0.002296
0.02322,0.002258
0.01724,0.002312
0.003784,0.002224
0.002708,0.002277
0.002441,0.002216
0.00293,0.002289
0.02057,0.002365
0.005127,0.002304
0.002686,0.002308
0.02216,0.002285
0.003174,0.002327
0.003174,0.002316
0.002686,0.002331
0.004395,0.002415
0.003418,0.002323
0.003174,0.002357
0.00293,0.002361
0.01855,0.002377
0.001968,0.001972
0.003418,0.002281
0.003906,0.002277
0.002686,0.002289
0.003174,0.0023
0.002335,0.002247
0.002441,0.00222
0.02298,0.002377
0.002441,0.002281
0.02234,0.002426
0.005547,0.002216
0.003418,0.002323
0.003174,0.002304
0.002441,0.002281
0.02432,0.002399
0.03098,0.002369
0.003174,0.002254
0.003906,0.002373
0.007629,0.002377
0.007324,0.00182
0.003418,0.002323
0.02161,0.002346
0.01593,0.002281
0.02148,0.002316
0.01855,0.002289
0.003418,0.002453
6.142E-4,3.157E-4
0.1392,0.02228
0.1353,0.02148
0.1139,0.02112
0.1592,0.02109
0.2065,0.02084
0.1274,0.02139
0.1711,0.02133
0.1484,0.02148
0.1589,0.02151
0.1692,0.02097
0.1392,0.02087
0.1492,0.02139
0.1584,0.02112
0.1311,0.02127
0.1301,0.02121
0.1995,0.02151
0.1409,0.02087
0.1758,0.02097
0.1543,0.02106
0.1804,0.0213
0.1198,0.02109
0.158,0.02136
0.1353,0.02142
0.2139,0.0209
0.1555,0.02112
0.02142,0.001045
0.02448,0.001022
0.06445,0.00152
0.05579,0.002277
0.0578,0.001606
0.06238,0.001566
0.04865,0.001608
0.0415,0.001562
0.03601,0.001537
0.07507,0.001583
0.04724,0.002064
0.06519,0.002445
0.05566,0.001572
0.05798,0.001591
0.04498,0.00156
0.07056,0.001577
0.05646,0.001579
0.0415,0.001551
0.05249,0.001581
0.02621,0.001553
0.05432,0.001604
0.03931,0.001554
0.001873,2.518E-4
0.001791,2.689E-4
0.003304,4.33E-4
0.001228,4.454E-4
9.766E-4,4.263E-4
0.002567,4.377E-4
0.00169,2.661E-4
9.537E-4,2.518E-4
0.001192,4.52E-4
0.001747,2.623E-4
0.001377,2.499E-4
0.003326,2.861E-4
0.003551,2.556E-4
0.001005,3.939E-4
0.001534,2.508E-4
0.001017,4.396E-4
4.816E-4,2.546E-4
5.159E-4,4.368E-4
0.002438,2.775E-4
9.041E-4,2.823E-4
0.001373,7.925E-4
0.007919,7.82E-4
0.004623,9.108E-4
8.192E-4,8.879E-4
0.001795,3.7E-4
0.001146,4.168E-4
0.003323,2.966E-4
0.001011,2.689E-4
0.004219,2.975E-4
0.003864,2.995E-4
0.005478,2.956E-4
0.005669,2.918E-4
0.003754,4.025E-4
0.004913,3.557E-4
0.005547,3.843E-4
0.004944,4.559E-4
0.006119,4.864E-4
0.006889,3.014E-4
0.001461,4.063E-4
0.002598,3.557E-4
6.866E-4,2.575E-4
0.001347,2.556E-4
0.001904,4.044E-4
0.001902,4.749E-4
0.002834,2.565E-4
9.422E-4,2.642E-4
0.002373,2.546E-4
0.001865,0.001282
0.00235,0.001003
0.02051,0.001095
0.01715,9.756E-4
0.01321,0.001148
0.02197,0.001127
0.01274,0.001087
0.01968,0.001024
0.01512,0.00103
0.01782,0.00112
0.02209,9.937E-4
0.01801,0.001118
0.01831,0.001167
0.02023,0.001122
0.0285,0.001074
0.02576,0.001047
0.0195,0.001179
0.03339,9.88E-4
0.02332,0.001034
0.04132,0.001017
0.02393,0.001095
0.03241,0.001095
0.02832,0.001049
0.0285,0.001289
0.03461,0.001078
0.03369,0.001221
0.03479,0.001232
0.04022,0.001211
0.02945,0.001192
0.03827,0.001286
0.04694,0.001265
0.03638,0.001202
0.03235,0.001204
0.04254,0.001328
0.0415,0.001251
0.0387,0.001291
0.03369,0.001196
0.03644,0.001183
0.03131,0.001339
0.04749,0.001223
0.04175,0.001291
0.03656,0.002228
0.0343,0.001223
0.04126,0.001219
0.04773,0.001234
0.03967,0.001226
0.0376,0.002262
0.04535,0.00123
0.03485,0.001278
0.03589,0.001253
0.03705,0.001297
0.03925,0.001209
0.03711,0.00123
0.03833,0.001202
0.0415,0.001318
0.04919,0.001217
0.03918,0.002285
0.04108,0.001196
0.03339,0.001085
