0.0885,0.0139
0.08069,0.00795
0.06921,0.01306
0.09668,0.01137
0.109,0.008789
0.1321,0.01044
0.08289,0.01013
0.1029,0.01396
0.08533,0.006874
0.1326,0.009521
0.08691,0.008865
0.07446,0.01425
0.1099,0.01109
0.1071,0.01271
0.05573,0.01065
0.07263,0.009476
0.06348,0.01004
0.07263,0.009796
0.07764,0.007729
0.1198,0.008957
0.08203,0.009842
0.1362,0.01466
0.1333,0.01013
0.1489,0.009506
0.09399,0.008545
0.07202,0.0134
0.1089,0.009247
0.08472,0.01071
0.1206,0.009277
0.08398,0.01051
0.1125,0.01372
0.1497,0.008057
0.1335,0.01103
0.1321,0.01001
0.1284,0.007256
0.07153,0.009857
0.1289,0.009262
0.09827,0.01466
0.07996,0.01459
0.1316,0.01039
0.08508,0.01051
0.1217,0.01405
0.1119,0.006805
0.07568,0.01372
0.07666,0.009094
0.1069,0.008072
0.111,0.01059
0.08521,0.01169
0.1191,0.01283
0.1331,0.0181
0.1411,0.009079
0.1194,0.009293
0.09399,0.009064
0.1111,0.01038
0.1195,0.009827
0.1343,0.01326
0.0719,0.01073
0.1292,0.008972
0.1255,0.01065
0.07214,0.01024
0.1216,0.009506
0.07178,0.02011
0.1199,0.01018
0.1299,0.007828
0.05902,0.01001
0.12,0.0106
0.09277,0.01041
0.1277,0.006432
0.0708,0.008911
0.0658,0.01251
0.09424,0.01305
0.0896,0.01427
0.09021,0.009705
0.07336,0.01195
0.123,0.01195
0.1201,0.0103
0.07971,0.01343
0.07837,0.01028
0.07458,0.01059
0.1277,0.01054
0.08984,0.01138
0.06274,0.01236
0.1331,0.01135
0.1086,0.01335
0.09241,0.01117
0.08484,0.015
0.1078,0.00856
0.1117,0.0116
0.1144,0.01073
0.127,0.01122
0.1394,0.01242
0.1138,0.008759
0.09155,0.01053
0.08533,0.009308
0.07922,0.01407
0.1198,0.009354
0.07104,0.01176
0.1144,0.01205
0.1299,0.009583
0.1394,0.01157
0.1217,0.009674
0.101,0.01089
0.1224,0.009201
0.07349,0.01004
0.1255,0.01442
0.08923,0.01117
0.1007,0.008148
0.09375,0.009201
0.1289,0.01553
0.08838,0.007202
0.1102,0.008713
0.1202,0.01106
0.1093,0.009552
0.08887,0.009628
0.1299,0.01155
0.135,0.01424
0.1309,0.01454
0.135,0.01112
0.1477,0.007935
0.1331,0.01584
0.1304,0.01117
0.06982,0.01149
0.09485,0.009644
0.1046,0.01166
0.1212,0.01459
0.03027,0.01071
0.1394,0.007217
0.134,0.01367
0.08105,0.009598
0.1128,0.01276
0.1135,0.01428
0.1229,0.007698
0.1426,0.01073
0.08545,0.01042
0.1249,0.01773
0.0929,0.01477
0.08264,0.01184
0.07739,0.007217
0.1436,0.01053
0.0719,0.01401
0.08704,0.01028
0.1287,0.01134
0.09656,0.01047
0.08875,0.01175
0.1294,0.01311
0.08118,0.009125
0.1111,0.01456
0.07068,0.01012
0.09949,0.01108
0.09961,0.01164
0.08899,0.008896
0.07275,0.01387
0.1333,0.01022
0.1316,0.01149
0.07385,0.01009
0.03259,0.01175
0.08728,0.01024
0.1238,0.008392
0.09363,0.01457
0.1282,0.009628
0.1136,0.01509
0.1216,0.01456
0.1289,0.009369
0.1136,0.01035
0.1296,0.01068
0.158,0.01314
0.08252,0.006973
0.07935,0.0114
0.1326,0.009674
0.1318,0.01321
0.1165,0.008667
0.08899,0.009491
0.07373,0.0101
0.009644,0.01093
0.1316,0.01378
0.1046,0.01251
0.09082,0.009888
0.06958,0.01007
0.1212,0.009842
0.1111,0.01176
0.06262,0.01106
0.1154,0.01361
0.08301,0.009354
0.0752,0.01117
0.0752,0.007317
0.1211,0.01398
0.1331,0.007782
0.09534,0.01353
0.1313,0.01167
0.1075,0.008133
0.06799,0.01108
0.07434,0.01039
0.1022,0.0127
0.07532,0.01895
0.09924,0.0188
0.1228,0.007149
0.09631,0.01018
0.1095,0.01012
0.1311,0.01161
0.1265,0.01161
0.06897,0.01385
0.09534,0.009293
0.1233,0.009445
0.1482,0.009415
0.1039,0.01624
0.1185,0.01703
0.1173,0.00946
0.06335,0.01149
0.1262,0.01495
0.07068,0.009613
0.1034,0.01012
0.1049,0.00769
0.08057,0.01016
0.08679,0.01274
0.1188,0.01404
0.0979,0.007996
0.09973,0.008286
0.1083,0.01035
0.0769,0.01353
0.08044,0.008698
0.1272,0.01357
0.1205,0.008301
0.08264,0.0101
0.1158,0.009857
0.07764,0.01073
0.1078,0.008484
0.1316,0.01059
0.03943,0.01013
0.1227,0.007317
0.1194,0.009171
0.1272,0.009995
0.1017,0.01254
0.1029,0.009979
0.1145,0.009888
0.07959,0.009003
0.1038,0.01399
0.1267,0.01843
0.127,0.01457
0.1229,0.01323
0.1333,0.008484
0.08411,0.01196
0.08997,0.01411
0.1301,0.01027
0.02771,0.009781
0.1205,0.01115
0.1012,0.01405
0.1326,0.01227
0.0824,0.01569
0.1013,0.01048
0.1146,0.01025
0.08984,0.01237
0.1545,0.01122
0.08398,0.0137
0.1011,0.01379
0.08911,0.01048
0.1245,0.01273
0.1235,0.01271
0.105,0.007118
0.08118,0.01205
0.07727,0.01212
0.1304,0.01204
0.137,0.009598
0.1193,0.00795
0.1006,0.009155
0.07153,0.007629
0.1387,0.01617
0.1145,0.009964
0.09094,0.01074
0.09277,0.008163
0.1089,0.01895
0.07593,0.009476
0.1267,0.00972
0.1169,0.01414
0.1321,0.009583
0.08569,0.01065
0.07617,0.01514
0.1287,0.008331
0.1267,0.01381
0.1509,0.008881
0.09082,0.008591
0.07288,0.01501
0.1249,0.01399
0.07788,0.009827
0.08813,0.01053
0.1055,0.01334
0.07214,0.0155
0.08789,0.008545
0.08264,0.01077
