0.1331,0.003628
0.1475,0.003284
0.08911,0.006996
0.0647,0.003464
0.1536,0.002625
0.1367,0.003662
0.105,0.004822
0.006332,0.0023
0.09863,0.003078
0.1375,0.003696
0.07324,0.01494
0.08862,0.004143
0.09851,0.006561
0.09326,0.007141
0.09131,0.004211
0.1174,0.006783
0.1095,0.00317
0.1208,0.003361
0.1128,0.00412
0.1326,0.003242
0.1289,0.002346
0.121,0.00375
0.08862,0.01715
0.09668,0.003559
0.07458,0.01476
0.1189,0.003716
0.07605,0.02029
0.04968,0.004578
0.1428,0.004356
0.1409,0.006683
0.09814,0.006073
0.06604,0.004822
0.06714,0.005959
0.1509,0.003452
0.08972,0.007759
0.1033,0.007423
0.1565,0.003899
0.1228,0.004097
0.08789,0.008591
0.07129,0.004456
0.1078,0.01051
0.07532,0.005554
0.1143,0.003643
0.08118,0.004097
0.05536,0.004356
0.1426,0.003582
0.08777,0.004501
0.1158,0.003281
0.08838,0.003437
0.125,0.003407
0.1213,0.002773
0.1121,0.004936
0.09656,0.003181
0.0835,0.004601
0.1047,0.003967
0.1372,0.002899
0.1404,0.003563
0.1075,0.004951
0.1177,0.004745
0.05975,0.004654
0.1355,0.004578
0.1058,0.003433
0.1074,0.003311
0.1128,0.003567
0.1021,0.003532
0.1545,0.003757
0.11,0.003601
0.1279,0.003635
0.0611,0.02414
0.07544,0.002514
0.09265,0.003307
0.1171,0.003506
0.09717,0.003887
0.09314,0.003132
0.1019,0.007477
0.144,0.003193
0.1448,0.007217
0.08228,0.004089
0.09155,0.00499
0.09399,0.004745
0.1445,0.003231
0.1171,0.004173
0.1313,0.004715
0.1006,0.003296
0.1116,0.005135
0.1392,0.002537
0.06738,0.005806
0.1147,0.003387
0.1384,0.004082
0.09692,0.003204
0.1095,0.004181
0.1318,0.004227
0.1239,0.003471
0.09058,0.004143
0.07935,0.006943
0.01447,0.006554
0.09888,0.003422
0.0979,0.003681
0.1008,0.005165
0.1133,0.00457
0.099,0.005844
0.1243,0.003838
0.09082,0.003681
0.07544,0.003967
0.1235,0.004425
0.1277,0.003773
0.1423,0.003323
0.02173,0.02118
0.08398,0.003113
0.06421,0.007355
0.1318,0.002819
0.09363,0.002815
0.1448,0.003517
0.06482,0.003998
0.09204,0.006546
0.1523,0.00621
0.1194,0.004089
0.1028,0.003384
0.09167,0.005295
0.1116,0.01053
0.1113,0.006203
0.06873,0.00882
0.07739,0.004738
0.1044,0.003906
0.06433,0.004845
0.08044,0.003761
0.1206,0.004059
0.1499,0.005112
0.1296,0.00275
0.1234,0.003433
0.1145,0.003342
0.1144,0.003742
0.1003,0.004402
0.1183,0.005989
0.07568,0.0155
0.07849,0.004219
0.1294,0.008102
0.07715,0.01654
0.09692,0.006554
0.07971,0.003712
0.09412,0.003242
0.144,0.003929
0.1475,0.002705
0.08704,0.005249
0.1104,0.003639
0.09924,0.003117
0.1006,0.004173
0.145,0.00322
0.2505,0.005768
0.1124,0.005173
0.1008,0.0047
0.09473,0.009949
0.1007,0.003895
0.1228,0.003559
0.06274,0.02063
0.1453,0.002972
0.07397,0.005905
0.05878,0.003506
0.1626,0.00351
0.104,0.005829
0.1509,0.004623
0.1226,0.004364
0.1134,0.004326
0.101,0.003304
0.1025,0.002384
0.1499,0.003403
0.09631,0.003048
0.08728,0.003155
0.1345,0.002411
0.06531,0.003628
0.07141,0.00602
0.1165,0.003651
0.09766,0.003777
0.06299,0.01089
0.05573,0.002979
0.06982,0.004471
0.09741,0.004341
0.06079,0.003376
0.09668,0.002758
0.08411,0.004593
0.1016,0.003628
0.1169,0.003223
0.08105,0.01581
0.06213,0.003887
0.1392,0.004738
0.1541,0.002857
0.06238,0.00441
0.0675,0.01834
0.02036,0.006165
0.1212,0.003387
0.1202,0.005585
0.06152,0.005417
0.125,0.003269
0.1083,0.00425
0.001221,0.01184
0.06171,0.006111
0.08594,0.004021
0.1056,0.004028
0.09753,0.003483
0.1078,0.002571
0.1105,0.003788
0.06238,0.005989
0.1167,0.004395
0.1031,0.003281
0.08252,0.003773
0.1277,0.002914
0.09766,0.004364
0.09106,0.004066
0.1011,0.00317
0.07532,0.007828
0.08618,0.005119
0.07812,0.002712
0.1189,0.003868
0.1041,0.005287
0.1321,0.003559
0.1133,0.004402
0.1074,0.003922
0.07227,0.006432
0.1007,0.003185
0.1682,0.003735
0.1241,0.003548
0.1118,0.003723
0.1299,0.01788
0.08667,0.004074
0.09521,0.002903
0.1418,0.003559
0.09485,0.003227
0.07788,0.01317
0.0929,0.003769
0.06799,0.003273
0.07056,0.01578
0.07874,0.006447
0.1257,0.005608
0.1479,0.003407
0.1321,0.005966
0.09644,0.02307
0.1086,0.003567
0.1112,0.004204
0.1147,0.003464
0.07727,0.00275
0.09509,0.005219
0.1331,0.004204
0.1041,0.00312
0.06171,0.004761
0.08105,0.006134
0.106,0.004219
0.1083,0.003288
0.1379,0.002956
0.09644,0.006859
0.1023,0.007393
0.144,0.002842
0.1053,0.004044
0.07971,0.005508
0.09229,0.00312
0.1023,0.003452
0.103,0.00383
0.06134,0.002728
0.119,0.004539
0.07324,0.004082
0.09741,0.004097
0.1006,0.00457
0.05884,0.003452
0.1038,0.003746
0.07861,0.01189
0.126,0.002956
0.05933,0.005646
0.09937,0.00349
0.03098,0.01527
0.06543,0.005058
0.1321,0.003445
0.06128,0.004623
0.134,0.007568
0.1365,0.003429
0.1132,0.003868
0.07178,0.007751
0.05981,0.00259
0.1173,0.003822
0.1018,0.00563
0.1584,0.004051
0.1078,0.004295
0.1416,0.00325
0.1042,0.006088
0.05194,0.02151
0.006119,0.004707
0.07935,0.01303
0.05627,0.003826
0.08203,0.003342
0.1104,0.002853
