0.1022,0.003448
0.1027,0.00531
0.1024,0.002247
0.06213,0.004372
0.1384,0.006325
0.08655,0.003738
0.07764,0.003445
0.1516,0.00309
0.08887,0.003349
0.09351,0.005806
0.111,0.00386
0.1062,0.004517
0.07288,0.005608
0.1205,0.00341
0.06311,0.004105
0.1047,0.004761
0.07935,0.00383
0.1077,0.005013
0.1022,0.003334
0.1195,0.003208
0.1367,0.002892
0.09436,0.002609
0.1108,0.004265
0.1365,0.00386
0.1201,0.003239
0.1416,0.004463
0.123,0.003983
0.09595,0.004311
0.07166,0.002758
0.07214,0.002724
0.1438,0.003883
0.1282,0.005562
0.1051,0.004807
0.1545,0.003616
0.1113,0.004166
0.1016,0.00325
0.07275,0.003368
0.1016,0.004631
0.1067,0.003437
0.06824,0.004181
0.0835,0.005653
0.08887,0.004776
0.1458,0.003391
0.1309,0.003704
0.0647,0.003651
0.1401,0.00351
0.1443,0.00346
0.08496,0.002686
0.1543,0.003445
0.109,0.00288
0.1228,0.003105
0.09949,0.004593
0.06146,0.009933
0.08093,0.002857
0.06604,0.005127
0.09155,0.003136
0.1123,0.003666
0.09595,0.004791
0.07397,0.004341
0.08154,0.003399
0.08057,0.004524
0.1143,0.004387
0.03998,0.00515
0.1443,0.0033
0.09021,0.00259
0.1545,0.002884
0.1123,0.004944
0.06244,0.004974
0.1479,0.003784
0.06714,0.004028
0.09277,0.003666
0.1218,0.003551
0.07068,0.002308
0.08545,0.00227
0.09375,0.005287
0.09644,0.003475
0.09937,0.003754
0.08887,0.004677
0.09595,0.003696
0.1157,0.005348
0.1072,0.003826
0.06653,0.004578
0.08728,0.004005
0.09766,0.003212
0.1002,0.008194
0.1399,0.003849
0.1083,0.00592
0.1226,0.00359
0.07556,0.003628
0.09961,0.00531
0.09277,0.004936
0.0918,0.003677
0.1162,0.002972
0.07715,0.005058
0.1206,0.003719
0.09167,0.002354
0.08569,0.004517
0.1262,0.003616
0.08569,0.005516
0.08032,0.004578
0.09229,0.00351
0.09924,0.004143
0.09778,0.004318
0.09753,0.008957
0.1073,0.004181
0.06409,0.00589
0.127,0.00399
0.144,0.003166
0.05609,0.004471
0.1521,0.003151
0.09204,0.004227
0.1184,0.005035
0.05835,0.004059
0.1506,0.004616
0.1191,0.003017
0.07202,0.003212
0.06323,0.004227
0.1313,0.003223
0.1323,0.004364
0.1095,0.00827
0.1489,0.002892
0.09155,0.002701
0.0614,0.004807
0.1404,0.003181
0.1067,0.00359
0.1062,0.003826
0.1475,0.002537
0.09814,0.002934
0.08875,0.00425
0.1389,0.002785
0.1124,0.003799
0.1156,0.004433
0.1218,0.0112
0.1008,0.00388
0.1438,0.003525
0.1077,0.003601
0.07056,0.01987
0.003822,0.002064
0.1023,0.003929
0.1232,0.003311
0.05786,0.02576
0.1014,0.004128
0.09058,0.004318
0.09155,0.004707
0.1145,0.003647
0.07959,0.003983
0.07642,0.002953
0.1147,0.004692
0.1105,0.00473
0.1287,0.00341
0.1116,0.002979
0.06219,0.003914
0.09497,0.003395
0.1124,0.003269
0.1139,0.009262
0.09937,0.004059
0.01443,0.002613
0.1421,0.003441
0.1029,0.003338
0.06677,0.002472
0.1558,0.003723
0.0769,0.008514
0.08228,0.004288
0.1431,0.004219
0.06421,0.02762
0.09753,0.004387
0.1011,0.003822
0.09106,0.002876
0.1357,0.003613
0.09448,0.002296
0.1106,0.004051
0.07153,0.006004
0.0708,0.003479
0.1033,0.002888
0.1528,0.003536
0.147,0.003429
0.1399,0.003044
0.1372,0.003372
0.06348,0.005379
0.09558,0.002613
0.05157,0.00444
0.1067,0.01199
0.05902,0.007874
0.1233,0.01062
0.1521,0.003006
0.09399,0.003334
0.08423,0.005302
0.1472,0.002739
0.01109,0.004913
0.125,0.003098
0.08887,0.004738
0.09619,0.002342
0.07568,0.003639
0.08862,0.003448
0.04401,0.004044
0.07056,0.004593
0.1154,0.003143
0.09204,0.003819
0.09924,0.002991
0.1174,0.004074
0.1306,0.004532
0.1365,0.003452
0.06689,0.005562
0.08057,0.003094
0.115,0.01233
0.06036,0.005211
0.08398,0.005814
0.07996,0.003513
0.1193,0.003418
0.124,0.003929
0.06494,0.007027
0.06738,0.008514
0.09546,0.003094
0.07874,0.003429
0.114,0.004097
0.07129,0.003517
0.1017,0.003498
0.09167,0.002808
0.1047,0.003624
0.1458,0.003086
0.09583,0.003071
0.09387,0.004303
0.073,0.01422
0.1136,0.00312
0.1133,0.003376
0.07056,0.004089
0.1477,0.004845
0.1396,0.003311
0.08325,0.004524
0.1135,0.002529
0.1445,0.003159
0.1104,0.004684
0.09888,0.004158
0.1085,0.003506
0.07483,0.004066
0.1577,0.004364
0.07239,0.004547
0.06897,0.00346
0.1111,0.003345
0.1211,0.004852
0.07812,0.003807
0.07935,0.00256
0.07861,0.004303
0.1052,0.003288
0.09229,0.006493
0.073,0.008224
0.1531,0.002735
0.1421,0.00396
0.06311,0.005188
0.09558,0.003616
0.1039,0.003349
0.07825,0.004257
0.09387,0.002979
0.1101,0.002262
0.1155,0.004745
0.08569,0.004372
0.1328,0.007309
0.08923,0.004128
0.1047,0.003414
0.135,0.003391
0.07788,0.002827
0.0636,0.003826
0.1306,0.003033
0.06348,0.005196
0.08838,0.004204
0.0885,0.003891
0.06836,0.003525
0.1306,0.003746
0.1274,0.00264
0.1028,0.00457
0.09729,0.004532
0.1094,0.0047
0.07544,0.006592
0.09314,0.004852
0.07812,0.004662
0.1492,0.003708
0.06262,0.005363
0.1226,0.003922
0.09448,0.004173
0.07996,0.00502
0.07031,0.00679
0.1006,0.003998
0.08582,0.00853
0.134,0.003674
0.1014,0.0037
0.08093,0.01431
0.09973,0.002785
0.1318,0.005997
