4.139E-4,0.04938
4.778E-4,0.04907
1.717E-4,0.04919
2.975E-4,0.04968
4.616E-4,0.04913
3.109E-4,0.04913
4.368E-4,0.04926
3.748E-4,0.04919
2.384E-4,0.04938
6.409E-4,0.04919
2.46E-4,0.04919
6.351E-4,0.04913
6.075E-4,0.04926
4.854E-4,0.04901
6.895E-4,0.04956
3.567E-4,0.04913
5.817E-4,0.04919
3.166E-4,0.04913
4.091E-4,0.04932
1.688E-4,0.04968
4.139E-4,0.04901
6.247E-4,0.04932
4.282E-4,0.04932
2.584E-4,0.03857
4.854E-4,0.03857
2.317E-4,0.03894
3.595E-4,0.03851
2.337E-4,0.03986
2.832E-4,0.03851
2.146E-4,0.0387
5.274E-4,0.03894
2.298E-4,0.03912
2.623E-4,0.0387
0.001957,0.03857
1.469E-4,0.03906
3.281E-4,0.03851
2.289E-4,0.0387
2.766E-4,0.03851
1.736E-4,0.03851
2.851E-4,0.03876
3.967E-4,0.03894
6.046E-4,0.03857
2.937E-4,0.03864
0.01642,0.002537
0.5244,0.01054
0.001953,0.004829
0.001751,0.004578
0.001709,0.006271
0.003239,0.004578
0.2915,0.004654
0.3623,0.0125
0.00177,0.004166
0.006393,0.02136
0.001554,0.00341
0.008408,0.01335
7.343E-4,0.003323
0.003525,0.01337
8.888E-4,0.001522
0.001852,0.002228
0.001059,0.002132
0.007629,0.003597
5.245E-4,1.068E-4
7.544E-4,0.001171
8.621E-4,0.001104
0.01125,0.003075
0.003628,0.001131
0.007126,0.002666
5.589E-4,0.00112
0.003227,0.001146
9.937E-4,0.001091
0.001135,0.001133
0.001129,0.001112
0.001154,0.001102
0.001076,0.001169
6.971E-4,0.001112
0.00354,0.001122
0.004951,0.001129
0.00103,0.00112
0.001472,0.00112
0.003063,0.001125
0.01187,0.002544
0.002197,0.001127
0.004379,0.001129
0.001442,0.001108
0.008286,0.002567
7.782E-4,0.001106
0.001001,0.001129
0.001129,0.001127
7.601E-4,0.001112
0.004181,0.001118
5.817E-4,0.001112
7.992E-4,0.001104
0.001102,0.00116
0.004654,0.001106
0.001513,0.00111
0.00141,0.001108
0.01236,0.002575
0.002388,0.001133
7.992E-4,0.001108
8.717E-4,0.001104
9.174E-4,0.001133
9.842E-4,0.001114
0.001101,0.001123
0.00354,0.001112
6.866E-4,0.001127
0.001102,0.001106
0.001297,0.001146
5.589E-4,0.001122
5.322E-4,0.001118
0.004333,0.001116
9.441E-4,0.001116
0.0105,0.002602
9.489E-4,0.001118
0.004898,0.001127
8.526E-4,0.001108
4.778E-4,0.00111
6.523E-4,0.001102
0.003326,0.001152
8.86E-4,0.001112
8.564E-4,0.001125
9.623E-4,0.001106
0.001652,0.001106
6.161E-4,0.001106
9.48E-4,0.001101
7.076E-4,0.001097
0.001156,0.001106
0.003944,0.001099
0.003716,0.001114
0.004745,0.001095
0.001276,0.001139
7.238E-4,0.001114
0.0242,0.002304
7.057E-4,0.001143
7.706E-4,0.001123
0.001434,0.001101
5.608E-4,0.001123
6.638E-4,0.001099
0.001413,0.001099
9.604E-4,0.001146
0.003094,0.001131
0.001656,0.00111
0.0195,0.002525
0.001144,0.001123
8.125E-4,0.00112
0.001022,0.001108
0.001045,0.001101
5.684E-4,0.001137
8.831E-4,0.001118
0.003906,0.001108
0.00176,0.00111
0.003166,0.001099
9.031E-4,0.001118
0.001228,0.001122
0.001287,0.001125
9.022E-4,0.001127
5.074E-4,0.001135
0.001129,0.001099
7.515E-4,0.001104
8.078E-4,0.001127
0.001379,0.00111
5.684E-4,0.001139
5.646E-4,0.001129
5.512E-4,0.001131
0.001211,0.001104
6.008E-4,0.001114
8.125E-4,0.001104
0.001179,0.001137
7.2E-4,0.001133
0.003632,0.001102
5.932E-4,0.001108
0.001125,0.001097
0.001343,0.001123
0.003071,0.001102
0.001009,0.001097
6.275E-4,0.001093
7.992E-4,0.001102
0.001106,0.001104
9.041E-4,0.001104
7.362E-4,0.001135
0.001007,0.001102
8.068E-4,0.001156
0.002197,0.009308
0.3706,0.009094
0.004082,0.009338
0.001526,0.007065
0.002319,0.005997
0.4736,0.01175
0.007545,0.007286
0.002686,0.007065
0.007309,0.00602
0.001465,0.006943
0.001526,0.00679
0.3633,0.01007
0.008591,0.007812
0.3315,0.01106
0.05023,0.007217
0.001465,0.007561
0.3623,0.01822
0.00412,0.007118
0.0108,0.006447
0.251,0.01828
0.001587,0.007042
0.002686,0.007164
0.3784,0.01115
0.001343,0.007149
0.001587,0.007126
0.3662,0.01022
0.01164,0.006042
0.374,0.01431
0.001465,0.00721
0.01131,0.007362
0.002182,0.007393
0.001587,0.008987
0.001587,0.00779
0.001709,0.01245
0.001953,0.008316
0.001953,0.007607
0.002075,0.01083
0.001587,0.007187
0.002563,0.007446
0.002319,0.006798
0.002235,0.007492
0.002441,0.007492
0.008499,0.007324
0.003052,0.01074
0.3643,0.01469
0.002319,0.006905
0.002441,0.006592
0.001717,0.007263
0.001587,0.007072
0.4243,0.01555
0.001953,0.007072
0.01041,0.008072
0.001709,0.008774
0.02054,0.00695
0.001709,0.007347
0.002441,0.006721
0.2969,0.006851
0.01868,0.006538
0.001343,0.006744
0.001699,0.007507
0.003662,0.01178
0.007156,0.006859
0.002441,0.007217
0.001465,0.007622
0.001953,0.006554
0.3726,0.01379
0.01169,0.007301
0.0128,0.007111
0.5967,0.01408
0.001709,0.01216
0.002441,0.007103
0.001831,0.007431
0.001892,0.00721
0.3525,0.009384
0.2988,0.007919
0.01562,0.00705
0.001587,0.007683
0.002075,0.007172
0.376,0.01472
0.001709,0.007019
0.3135,0.007996
0.003685,0.006569
0.001465,0.008041
0.4067,0.01141
0.001404,0.007195
0.01164,0.006966
0.004028,0.01242
0.001465,0.007111
0.007477,0.007515
0.01025,0.00647
0.2734,0.007103
0.3584,0.0159
0.001709,0.00692
0.002441,0.006149
0.001343,0.007378
0.002197,0.007172
0.002422,0.007431
0.01117,0.007576
0.002563,0.006683
0.002075,0.007378
0.002693,0.007149
0.375,0.01868
0.001953,0.007065
0.002075,0.006935
0.373,0.01636
0.001709,0.01112
0.001526,0.00631
