0.02994,0.02081
0.005623,0.001202
0.01761,0.004654
0.01474,0.004654
0.02344,0.004562
0.01852,0.004593
0.015,0.004608
0.01913,0.004601
0.02438,0.004601
0.01746,0.004669
0.02094,0.004578
0.01651,0.004707
0.009415,0.004562
0.02789,0.004585
0.01889,0.004631
0.02631,0.005737
0.02698,0.004723
0.01469,0.004608
0.01305,0.004631
0.02063,0.004768
0.01865,0.004631
0.02173,0.004639
0.01758,0.004623
0.02008,0.00457
0.0155,0.004654
0.02045,0.004623
0.009491,0.00576
0.01512,0.0047
0.01974,0.004631
0.02161,0.004662
0.01605,0.004601
0.01218,0.004547
0.02463,0.004593
0.01907,0.004646
0.01587,0.004608
0.01889,0.004654
0.01978,0.00457
0.01996,0.004631
0.02258,0.004776
0.01274,0.004616
0.01953,0.004631
0.02264,0.004662
0.01996,0.004631
0.01566,0.004639
0.01932,0.004684
0.01575,0.004593
0.02161,0.004715
0.01834,0.004601
0.02426,0.004784
0.01651,0.004601
0.01709,0.004723
0.01559,0.004593
0.01846,0.004608
0.01221,0.0047
0.02057,0.004631
0.02542,0.004608
0.01706,0.004631
0.01352,0.004608
0.022,0.004723
0.0173,0.004555
0.01558,0.004539
0.0191,0.004669
0.01886,0.004753
0.01271,0.004639
0.01096,0.004623
0.01479,0.004593
0.01418,0.004616
0.02448,0.004654
0.02237,0.004585
0.01602,0.004623
0.01569,0.004608
0.01201,0.004631
0.02176,0.004601
0.01482,0.004639
0.02084,0.004677
0.01636,0.004662
0.01524,0.004585
0.02356,0.00457
0.01611,0.004601
0.01425,0.004662
0.02765,0.00457
0.01657,0.004662
0.01541,0.004692
0.0116,0.004669
0.01669,0.004707
0.01254,0.004601
0.01968,0.004639
0.0114,0.004639
0.01651,0.004654
0.01654,0.004608
0.02167,0.004593
0.02148,0.00473
0.02707,0.004669
0.01849,0.004639
0.02216,0.004654
0.01917,0.004578
0.02063,0.004593
0.0209,0.004616
0.01578,0.004654
0.01865,0.004662
0.01291,0.004723
0.01657,0.004677
0.01491,0.004623
0.01859,0.004654
0.02176,0.004654
0.04468,0.004662
0.01193,0.004608
0.01974,0.004585
0.01207,0.0047
0.02148,0.004677
0.01617,0.004692
0.01688,0.004616
0.02612,0.004829
0.01871,0.004692
0.02161,0.004616
0.02054,0.004616
0.01558,0.004631
0.01462,0.005775
0.01944,0.004623
0.0296,0.004623
0.02969,0.004608
0.01103,0.004601
6.151E-4,4.73E-4
0.001211,2.289E-4
0.05481,0.00486
0.1843,0.01039
0.177,0.01035
0.1794,0.009781
0.1689,0.01372
0.1665,0.01402
0.1665,0.01021
0.1758,0.009262
0.176,0.01364
0.1624,0.01347
0.1833,0.01422
0.1533,0.01462
0.1555,0.01355
0.167,0.01268
0.1489,0.009399
0.198,0.0105
0.1038,0.01294
0.1716,0.01389
0.1633,0.01387
0.1621,0.01454
0.1829,0.009583
0.1772,0.01385
0.1606,0.01355
0.1709,0.0145
0.1453,0.01418
0.1663,0.01375
0.1841,0.01413
0.1731,0.01398
0.2026,0.01489
0.1582,0.01353
0.1743,0.01398
0.1841,0.01418
0.1799,0.01396
0.1646,0.009796
0.1763,0.01006
0.2146,0.01414
0.1704,0.009003
0.1648,0.0148
0.158,0.01445
0.1624,0.01402
0.1482,0.01303
0.1523,0.009857
0.1626,0.01408
0.1619,0.01303
0.2104,0.0136
0.1423,0.009796
0.1814,0.008957
0.155,0.01402
0.1772,0.009781
0.1677,0.01326
0.1208,0.009995
0.158,0.01419
0.2175,0.01369
0.1746,0.01416
0.1838,0.01022
0.1743,0.01472
0.1538,0.01041
0.1877,0.01413
0.1685,0.00724
0.158,0.01312
0.1743,0.01366
0.1658,0.01018
0.177,0.01366
0.1567,0.009933
0.1863,0.009354
0.1528,0.01007
0.1858,0.01418
0.1692,0.01033
0.1628,0.0134
0.1733,0.01004
0.1667,0.01021
0.2026,0.01364
0.1772,0.01476
0.1963,0.01399
0.1809,0.01414
0.1587,0.01324
0.1743,0.009949
0.1533,0.01445
0.1858,0.0139
0.1594,0.01175
0.1763,0.009735
0.1365,0.01437
0.2266,0.01405
0.1885,0.01007
0.1736,0.01381
0.1729,0.01001
0.1648,0.01375
0.1721,0.01392
0.1702,0.01384
0.179,0.01355
0.1758,0.009979
0.168,0.0134
0.1787,0.01431
0.1809,0.009811
0.1755,0.01421
0.1829,0.01057
0.1387,0.0106
0.1562,0.009659
0.1519,0.009781
0.2085,0.00946
0.1533,0.01382
0.1575,0.01001
0.1646,0.01303
0.158,0.0137
0.1711,0.01402
0.1729,0.01045
0.2175,0.01369
0.1523,0.009964
0.1729,0.01408
0.1814,0.0146
0.1794,0.01015
0.1541,0.009995
0.1458,0.0132
0.1553,0.01253
0.1755,0.01344
0.1763,0.0137
0.176,0.01357
0.1729,0.01407
0.1538,0.009827
0.186,0.009705
0.1724,0.01018
0.1804,0.01363
0.1765,0.01421
0.1748,0.01361
0.1565,0.01074
0.1348,0.01375
0.1418,0.009155
0.1132,0.01321
0.1699,0.01309
0.178,0.01363
0.1775,0.01366
0.1541,0.01009
0.2029,0.01419
0.1511,0.01352
0.1531,0.009445
0.1694,0.01375
0.1326,0.01337
0.1724,0.01363
0.1797,0.01468
0.1719,0.0145
0.177,0.01384
0.1785,0.01372
0.2078,0.01395
0.1682,0.009796
0.1797,0.01428
0.1746,0.01375
0.1785,0.01398
0.1682,0.01288
0.1638,0.01324
0.1675,0.00972
0.2146,0.01418
0.1614,0.009659
0.1804,0.01051
0.1655,0.01289
0.1658,0.01367
0.1582,0.0141
0.1326,0.008789
0.1375,0.01378
0.1621,0.009964
0.1799,0.01387
0.1616,0.01433
0.175,0.01422
0.1641,0.01332
0.1768,0.01419
