1,12
1,6
1,11
1,13
1,7
1,12
1,10
2,7
1,14
1,10
1,13
1,6
1,8
1,6
1,13
1,12
1,12
1,7
1,11
1,13
1,7
1,9
1,7
1,13
1,7
1,7
1,10
1,14
1,11
1,12
1,13
1,13
1,13
1,7
1,14
1,10
1,11
2,12
1,13
1,12
1,8
1,13
1,11
1,12
1,12
1,9
1,12
1,10
1,10
1,10
1,11
1,13
1,13
1,6
1,7
1,13
1,9
1,13
1,7
1,10
1,7
1,13
1,13
1,11
1,10
1,11
1,13
1,9
1,7
1,9
1,9
1,13
1,7
1,12
1,12
1,13
1,12
1,9
1,15
1,8
1,13
1,7
1,9
1,10
1,7
1,9
1,11
1,11
1,8
1,14
1,10
1,10
1,12
1,12
1,12
1,10
1,9
1,7
1,12
1,7
1,13
1,8
1,14
1,13
1,9
1,12
1,6
1,9
1,1
1,10
1,6
1,7
1,12
1,7
1,8
1,7
1,7
1,10
1,10
1,9
1,9
1,9
1,7
1,10
1,9
1,7
1,11
1,11
2,14
1,12
1,13
1,9
1,9
1,11
1,8
1,7
1,11
1,11
1,13
1,8
1,12
1,12
1,11
1,11
1,8
1,13
1,12
1,9
1,10
1,10
1,13
1,15
1,13
1,13
1,8
1,7
2,12
1,13
1,4
1,8
1,13
1,9
1,12
1,8
1,12
1,3
1,7
1,10
1,11
1,12
1,13
1,10
1,9
1,6
1,9
1,11
1,13
1,12
1,7
1,13
1,13
1,14
1,7
1,12
1,13
1,12
1,12
1,12
1,11
1,6
1,12
1,14
1,10
1,9
1,10
1,5
1,13
1,16
1,8
1,7
1,9
1,13
1,13
1,11
1,11
1,7
1,2
1,13
1,12
1,13
1,10
1,12
1,8
1,8
1,7
1,11
1,13
1,11
1,10
1,13
1,11
1,13
1,13
1,35
1,10
1,7
1,8
1,7
1,7
1,7
1,7
2,5
1,12
1,8
1,7
2,7
1,7
1,6
1,6
1,12
1,6
1,6
1,7
1,9
1,7
2,6
2,7
1,10
1,11
1,6
1,10
1,11
1,5
2,6
1,9
1,6
1,8
1,4
1,3
1,7
1,7
1,2
2,3
2,12
1,6
2,9
2,5
1,8
1,7
1,6
1,6
2,6
1,11
2,2
1,11
1,12
1,3
1,7
2,2
1,1
1,6
2,5
1,2
1,6
1,6
1,6
1,12
1,12
