0.03809,0.06421
0.07837,0.03235
0.1035,0.06177
0.1194,0.04407
0.05029,0.06543
0.08069,0.06519
0.09424,0.05389
0.06836,0.04327
0.04962,0.05817
0.07544,0.0556
0.08081,0.05487
0.03113,0.05518
0.03741,0.05133
0.03577,0.04547
0.06958,0.06122
0.07959,0.0564
0.1112,0.06531
0.07214,0.04578
0.0249,0.03778
0.06482,0.06482
0.09863,0.06287
0.08154,0.06494
0.05292,0.05615
0.0885,0.05219
0.06934,0.06506
0.04926,0.06165
0.07812,0.05676
0.08374,0.06421
0.09985,0.06799
0.1311,0.05713
0.1006,0.06384
0.1807,0.05725
0.08997,0.05963
0.07251,0.06055
0.1117,0.0647
0.1144,0.05072
0.04431,0.06567
0.1152,0.05011
0.125,0.06445
0.08362,0.03937
0.0481,0.04797
0.05249,0.06384
0.07959,0.0459
0.0813,0.05444
0.04315,0.05908
0.0874,0.05255
0.1343,0.0647
0.1006,0.06323
0.08252,0.06519
0.07129,0.05139
0.03833,0.0542
0.0835,0.06604
0.1616,0.06018
0.07007,0.06567
0.1438,0.0636
0.09338,0.06158
0.08276,0.06183
0.1113,0.06104
0.0824,0.03668
0.07593,0.05408
0.103,0.04663
0.118,0.06445
0.03516,0.04187
0.1699,0.06201
0.07666,0.06335
0.06995,0.06219
0.144,0.03583
0.02966,0.06323
0.09338,0.06543
0.1326,0.06506
0.07605,0.05463
0.0946,0.06543
0.09229,0.0495
0.07788,0.0498
0.1357,0.06458
0.08643,0.06628
0.06519,0.06073
0.1467,0.06409
0.06812,0.06299
0.02603,0.047
0.1489,0.05603
0.09058,0.04633
0.0329,0.06116
0.08643,0.06421
0.09143,0.06482
0.04736,0.06201
0.07959,0.06219
0.0708,0.06012
0.09119,0.06348
0.05859,0.06189
0.06836,0.06311
0.2085,0.02823
0.06494,0.06641
0.04773,0.04095
0.02402,0.06567
0.02686,0.05231
0.06299,0.06384
0.1309,0.05664
0.02396,0.06055
0.1029,0.04468
0.1389,0.05157
0.07727,0.04962
0.03052,0.0434
0.039,0.06531
0.1558,0.05725
0.1084,0.06201
0.1124,0.05975
0.2734,0.06421
0.07642,0.0235
0.03253,0.03583
0.03857,0.03375
0.07422,0.04681
0.1738,0.05792
0.06494,0.03857
0.06519,0.05182
0.0802,0.06042
0.05023,0.0553
0.07947,0.04449
0.07764,0.06543
0.09265,0.06433
0.08289,0.04803
0.08679,0.05963
0.08789,0.06616
0.0929,0.05939
0.08105,0.0647
0.07971,0.06482
0.1282,0.05927
0.07996,0.05237
0.1387,0.06445
0.1179,0.0658
0.06775,0.0498
0.0863,0.05957
0.03888,0.03949
0.03961,0.04901
0.04193,0.05054
0.02344,0.06018
0.07776,0.05176
0.1409,0.06244
0.1633,0.0589
0.04102,0.06628
0.03223,0.03809
0.06995,0.06506
0.08887,0.06641
0.06299,0.04401
0.2358,0.05377
0.1309,0.039
0.0625,0.06079
0.5391,0.06689
0.5,0.06628
0.5234,0.06702
0.4688,0.06714
0.4766,0.06567
0.5938,0.06897
0.4336,0.06787
0.5234,0.06665
0.5,0.06677
0.707,0.06848
0.4609,0.06824
0.4888,0.06689
0.5312,0.06677
0.5303,0.0675
0.4927,0.06714
0.6406,0.06799
0.4932,0.06738
0.5625,0.06714
0.4775,0.06763
0.4775,0.06555
0.5469,0.06641
0.4922,0.06763
0.4912,0.06787
0.5156,0.06628
0.4619,0.06812
0.5156,0.0675
0.4814,0.06763
0.5,0.06653
0.4922,0.06738
0.4868,0.06641
0.4927,0.06763
0.5469,0.06665
0.7344,0.06714
0.5156,0.06763
0.5703,0.0675
0.4844,0.06702
0.5,0.06702
0.5078,0.06714
0.5234,0.0675
0.4907,0.06763
0.5547,0.06665
0.4839,0.06848
0.1562,0.06665
0.5156,0.0675
0.5078,0.06653
0.6562,0.06775
0.7725,0.06726
0.4785,0.06738
0.5,0.06848
0.4922,0.0697
0.4888,0.06726
0.5234,0.06726
0.4922,0.06616
0.6562,0.06653
0.4844,0.06738
0.4785,0.06763
0.4663,0.06824
0.5156,0.06738
0.4604,0.06653
0.4917,0.06665
0.7188,0.06836
0.5312,0.06689
0.5,0.06775
0.5078,0.06726
0.5547,0.06714
0.4238,0.06726
0.5859,0.06714
0.5244,0.06567
0.4146,0.06824
0.4771,0.06714
0.4922,0.0686
0.5078,0.06726
0.5078,0.06665
0.4717,0.06763
0.6084,0.06653
0.5234,0.06726
0.7441,0.06812
0.4922,0.06763
0.4873,0.06689
0.5078,0.06531
0.5156,0.06653
0.4922,0.06824
0.4595,0.06738
0.5156,0.06702
0.4565,0.06763
0.4907,0.06714
0.7812,0.0686
0.4575,0.06897
0.4688,0.06641
0.4893,0.06677
0.4663,0.06677
0.5703,0.06677
0.4932,0.06702
0.5,0.06775
0.4771,0.06726
0.6348,0.07031
0.5312,0.06689
0.6328,0.06726
0.4805,0.06641
0.4688,0.06787
0.4331,0.06812
0.4922,0.06665
0.5234,0.06677
0.5,0.06787
0.4805,0.06738
0.6875,0.06738
0.4766,0.06787
0.4844,0.06787
0.625,0.06702
0.4795,0.06812
0.6074,0.06799
0.5,0.06323
0.4863,0.06726
0.5078,0.06567
0.5,0.06653
0.4282,0.06775
0.4844,0.06604
0.4722,0.0675
0.5156,0.06714
0.625,0.06726
0.4922,0.06873
0.6064,0.06836
0.4712,0.06714
0.4727,0.06616
0.6094,0.06787
0.5391,0.06726
0.4922,0.06799
0.5,0.06616
0.6328,0.06689
0.5,0.06592
0.5234,0.06604
0.4888,0.06702
0.5625,0.06799
0.4609,0.06787
0.5234,0.06763
0.5,0.06677
0.5703,0.06799
0.5205,0.0686
0.4209,0.06763
0.4863,0.06714
0.5156,0.06567
