0.1051,0.03088
0.1265,0.03125
0.06299,0.03125
0.06152,0.0307
0.08508,0.03156
0.2417,0.03116
0.1072,0.03085
0.03876,0.02161
0.06738,0.03073
0.2456,0.0307
0.0675,0.03131
0.06885,0.03156
0.06189,0.03061
0.2812,0.03162
0.1147,0.03137
0.06689,0.03091
0.05762,0.03091
0.1019,0.03107
0.06531,0.03036
0.09277,0.03073
0.05444,0.02814
0.1829,0.03088
0.05304,0.03162
0.07812,0.03217
0.05078,0.03122
0.03845,0.02835
0.2151,0.02979
0.04785,0.03094
0.2173,0.02539
0.09351,0.03073
0.06958,0.02979
0.04834,0.03018
0.06909,0.03143
0.0929,0.03131
0.2234,0.03122
0.06067,0.03043
0.04614,0.01712
0.05817,0.0282
0.1631,0.02814
0.05518,0.03101
0.06097,0.03018
0.2141,0.02975
0.07556,0.0296
0.04248,0.02966
0.0332,0.02942
0.05591,0.02609
0.1003,0.03131
0.05817,0.02701
0.04932,0.0311
0.09241,0.03137
0.05432,0.02551
0.1572,0.03104
0.05902,0.03104
0.05664,0.03125
0.2339,0.03091
0.06116,0.03104
0.06335,0.02902
0.09839,0.03036
0.09326,0.03101
0.1538,0.03143
0.08704,0.03156
0.05292,0.0307
0.06836,0.03046
0.06042,0.03049
0.1136,0.02554
0.1614,0.03116
0.1041,0.03174
0.2307,0.03125
0.1021,0.03104
0.08557,0.03116
0.127,0.03125
0.06726,0.03168
0.1406,0.03113
0.05469,0.03104
0.09253,0.0304
0.2949,0.03137
0.06396,0.03131
0.1217,0.03012
0.05969,0.02643
0.05688,0.03125
0.08972,0.02881
0.1821,0.02698
0.1014,0.03113
0.06787,0.03046
0.1753,0.02869
0.03339,0.02612
0.0835,0.0307
0.07812,0.03104
0.07654,0.03049
0.05762,0.0304
0.05811,0.02927
0.05798,0.02823
0.07336,0.03137
0.113,0.02994
0.2258,0.03082
0.0564,0.03116
0.1134,0.03125
0.1025,0.03058
0.06787,0.0311
0.05078,0.0307
0.05762,0.03076
0.09375,0.0282
0.0929,0.02637
0.06,0.03091
0.1377,0.02985
0.101,0.02994
0.05365,0.02475
0.1282,0.03162
0.08252,0.02496
0.09241,0.02765
0.08545,0.02957
0.06036,0.03149
0.1144,0.03094
0.06921,0.03085
0.1375,0.03122
0.05176,0.03046
0.1182,0.03143
0.07202,0.03122
0.04932,0.03149
0.05237,0.02719
0.09436,0.03012
0.05792,0.03122
0.07336,0.03064
0.1094,0.02814
0.06506,0.03101
0.251,0.03116
0.09253,0.03122
0.06519,0.02899
0.08252,0.02982
0.06616,0.03101
0.06171,0.0307
0.09326,0.02783
0.05048,0.02997
0.124,0.03104
0.1912,0.03006
0.08252,0.03021
0.09058,0.0296
0.05469,0.02966
0.1141,0.03125
0.1145,0.03094
0.157,0.0303
0.0874,0.02942
0.04993,0.02966
0.1516,0.03131
0.04492,0.03033
0.06592,0.03098
0.08887,0.03131
0.09229,0.03217
0.05176,0.02921
0.2463,0.0303
0.2168,0.03085
0.06934,0.03131
0.1396,0.03143
0.05975,0.03073
0.1016,0.03137
0.07129,0.03131
0.2812,0.03143
0.06885,0.03101
0.118,0.03137
0.2642,0.03137
0.1042,0.03186
0.2017,0.03156
0.1521,0.03091
0.1284,0.0304
0.06445,0.03125
0.05292,0.02435
0.08545,0.03079
0.06836,0.03076
0.07227,0.03024
0.06384,0.0296
0.06738,0.03131
0.09778,0.03116
0.08936,0.0311
0.05322,0.03143
0.1146,0.03076
0.1909,0.03003
0.1689,0.03
0.07788,0.02966
0.06232,0.03137
0.2446,0.03125
0.21,0.03168
0.0528,0.03186
0.2671,0.02814
0.118,0.02969
0.07117,0.03052
0.07617,0.02765
0.07898,0.0256
0.2095,0.03024
0.08276,0.03143
0.1411,0.0303
0.09387,0.03149
0.2725,0.03052
0.06458,0.03137
0.08691,0.03036
0.0636,0.03107
0.08691,0.02676
0.0625,0.02985
0.07056,0.02783
0.07117,0.02991
0.06177,0.03015
0.06604,0.03131
0.07837,0.03131
0.3013,0.03091
0.06641,0.03119
0.06616,0.03131
0.09888,0.03156
0.07935,0.03119
0.03204,0.02576
0.0647,0.03027
0.1121,0.0311
0.2029,0.03113
0.05469,0.03116
0.1207,0.03122
0.06244,0.03113
0.06482,0.03098
0.06335,0.03027
0.07751,0.03122
0.08655,0.03116
0.0636,0.02896
0.1128,0.03064
0.0498,0.03119
0.2441,0.0285
0.05609,0.02597
0.08167,0.03058
0.08154,0.02963
0.2219,0.02927
0.2402,0.03119
0.1033,0.03098
0.06885,0.02679
0.06592,0.03009
0.1414,0.03137
0.09131,0.03143
0.09631,0.0318
0.06689,0.03116
0.09253,0.0307
0.04382,0.02545
0.03778,0.02527
0.04767,0.03122
0.2646,0.03122
0.06152,0.03116
0.06494,0.03143
0.06738,0.03079
0.1907,0.02539
0.1094,0.02618
0.06323,0.03122
0.0293,0.02539
0.05682,0.03116
0.2666,0.03131
0.2798,0.03055
0.1047,0.03098
0.06787,0.02676
0.2266,0.03137
0.0589,0.03006
0.05548,0.0249
0.05615,0.03091
0.07507,0.0307
0.07703,0.03058
0.2554,0.03143
0.2136,0.02951
0.04218,0.02902
0.06006,0.03061
0.06506,0.03113
0.05273,0.03018
0.07605,0.03101
0.2224,0.03131
0.07654,0.02933
0.06482,0.03058
0.06207,0.03012
0.05011,0.02979
0.09424,0.02567
0.034,0.02933
0.1707,0.03116
0.06287,0.0311
0.09497,0.02728
0.05078,0.02917
0.09668,0.03131
0.1287,0.02887
0.0686,0.03131
0.09241,0.03107
0.07092,0.03058
0.1064,0.03149
0.2285,0.02914
0.1206,0.0318
0.06934,0.02972
0.1646,0.03131
0.1565,0.02893
0.1672,0.03085
0.07166,0.03122
