1,1
1,1
1,1
1,1
1,1
1,1
1,1
1,1
1,1
1,1
1,1
1,1
1,1
1,1
1,2
1,1
2,14
2,15
2,12
2,13
2,12
2,13
2,13
2,15
2,19
2,13
2,14
2,14
2,16
2,14
2,15
2,15
2,12
2,12
2,14
2,12
2,15
2,15
2,13
2,14
2,13
1,19
1,17
4,6
4,6
2,10
2,10
2,10
2,10
2,14
2,10
2,15
2,7
2,10
2,10
2,10
2,8
2,9
2,9
2,13
2,12
2,10
2,8
2,6
2,8
2,11
2,7
7,27
7,45
7,29
8,45
7,41
7,58
7,44
7,44
8,46
8,44
7,46
8,46
8,41
7,35
7,29
8,44
7,32
8,43
7,43
7,48
7,43
7,46
7,31
7,46
7,61
7,45
7,28
8,27
7,55
7,43
14,9
1,6
4,17
1,9
1,29
1,24
1,31
1,28
1,15
1,13
5,1
2,23
1,24
2,24
2,26
4,8
3,13
2,25
4,10
2,10
5,8
6,7
1,10
6,5
3,9
3,7
6,13
4,15
7,9
4,11
7,1
7,1
7,1
7,1
7,1
7,1
7,1
7,1
7,1
7,1
7,1
7,1
7,1
7,1
7,1
7,1
7,4
7,1
7,1
7,1
7,1
7,1
7,4
7,1
7,1
7,1
7,1
7,1
1,9
1,7
1,7
1,7
1,3
1,8
1,7
1,12
1,8
1,9
1,9
1,8
1,8
1,9
1,11
1,8
1,12
1,7
1,13
1,6
1,7
1,7
1,12
1,11
1,7
1,10
1,8
1,7
1,7
1,6
1,6
1,10
1,1
1,6
1,7
1,8
1,6
1,7
1,11
1,8
2,7
1,11
1,7
1,7
1,7
1,8
1,7
1,7
1,7
1,6
1,8
1,7
1,8
1,7
1,13
1,11
1,6
2,10
1,12
1,7
1,7
1,7
1,10
1,10
1,8
1,6
2,8
1,9
1,11
1,13
1,13
2,6
1,7
1,10
1,10
1,10
1,7
1,9
1,13
1,7
1,7
1,8
1,8
1,7
1,6
1,8
1,7
1,10
1,7
1,9
1,6
1,8
1,14
1,7
1,5
1,6
1,10
1,6
3,8
1,12
1,9
1,10
1,7
1,3
1,10
1,9
1,8
1,8
1,8
1,7
1,10
1,7
1,8
1,8
1,7
1,8
1,10
2,3
2,11
1,10
1,12
1,7
1,12
1,9
1,7
1,8
1,12
1,9
2,10
1,10
1,9
1,7
1,10
